ranking,route,passengers,origin_hub,origin_hub_qid,origin_hub_latitude,origin_hub_longitude,destination_hub,destination_hub_qid,destination_hub_latitude,destination_hub_longitude,distance_km
1,London - Dublin,5107690,London,Q84,51.507222222222,-0.1275,Dublin,Q1761,53.3497222222222,-6.26027777777778,463.33464592108174
2,London - Amsterdam,4925746,London,Q84,51.507222222222,-0.1275,Amsterdam,Q727,52.383333333333,4.9,358.0166975450957
3,London - Barcelona,3387482,London,Q84,51.507222222222,-0.1275,Barcelona,Q1492,41.3825,2.1769444444444,1139.4259151784215
4,London - Edinburgh,3374774,London,Q84,51.507222222222,-0.1275,Edinburgh,Q23436,55.95,-3.1988888888889,533.6046061496281
5,Paris - Toulouse,3216294,Paris,Q90,48.856944444444,2.3513888888889,Toulouse,Q7880,43.604444444444,1.4438888888889,588.1965122697903
6,Paris - Nice,3178806,Paris,Q90,48.856944444444,2.3513888888889,Nice,Q33959,43.701944444444,7.2683333333333,686.2228131436682
7,London - Madrid,3147547,London,Q84,51.507222222222,-0.1275,Madrid,Q2807,40.418888888889,-3.6919444444444,1262.9746268489828
8,London - Milan,3031104,London,Q84,51.507222222222,-0.1275,Milan,Q490,45.466944444444,9.19,959.1465562331939
9,Paris - Barcelona,2690832,Paris,Q90,48.856944444444,2.3513888888889,Barcelona,Q1492,41.3825,2.1769444444444,831.2336593132072
10,Barcelona - Madrid,2572893,Barcelona,Q1492,41.3825,2.1769444444444,Madrid,Q2807,40.418888888889,-3.6919444444444,504.65329967557153
11,Paris - Madrid,2561787,Paris,Q90,48.856944444444,2.3513888888889,Madrid,Q2807,40.418888888889,-3.6919444444444,1052.2646011563804
12,Geneva - London,2524519,Geneva,Q71,46.2,6.15,London,Q84,51.507222222222,-0.1275,747.2262568171082
13,London - Rome,2392594,London,Q84,51.507222222222,-0.1275,Rome,Q220,41.893055555556,12.482777777778,1433.9272411795625
14,London - Belfast,2375583,London,Q84,51.507222222222,-0.1275,Belfast,Q10686,54.596388888889,-5.93,517.7772753435574
15,London - Glasgow,2296483,London,Q84,51.507222222222,-0.1275,Glasgow,Q4093,55.8611111111111,-4.25,554.8263533188416
16,London - Málaga,2276567,London,Q84,51.507222222222,-0.1275,Málaga,Q8851,36.716666666667,-4.4166666666667,1679.1561979326618
17,Berlin - Frankfurt,2248716,Berlin,Q64,52.516666666667,13.383333333333,Frankfurt,Q1794,50.113611111111,8.6797222222222,422.0685550801449
18,Paris - Rome,2247612,Paris,Q90,48.856944444444,2.3513888888889,Rome,Q220,41.893055555556,12.482777777778,1105.3990136337454
19,London - Copenhagen,2227971,London,Q84,51.507222222222,-0.1275,Copenhagen,Q1748,55.676111111111,12.568888888889,955.5902103774966
20,London - Lisbon,2199598,London,Q84,51.507222222222,-0.1275,Lisbon,Q597,38.708042,-9.139016,1586.4291405149581
21,Barcelona - Mallorca,2173939,Barcelona,Q1492,41.3825,2.1769444444444,Mallorca,Q8828,39.616666666667,2.9833333333333,207.85061755867835
22,Paris - Milan,2154095,Paris,Q90,48.856944444444,2.3513888888889,Milan,Q490,45.466944444444,9.19,639.4473092796718
23,London - Paris,2149539,London,Q84,51.507222222222,-0.1275,Paris,Q90,48.856944444444,2.3513888888889,343.46602143743775
24,Paris - Lisbon,2109832,Paris,Q90,48.856944444444,2.3513888888889,Lisbon,Q597,38.708042,-9.139016,1454.2009723507176
25,Oslo - Trondheim,2103647,Oslo,Q585,59.911111111111,10.752777777778,Trondheim,Q25804,63.44,10.4,392.83472275658573
26,London - Frankfurt,2067200,London,Q84,51.507222222222,-0.1275,Frankfurt,Q1794,50.113611111111,8.6797222222222,637.4916349761959
27,Milan - Catania,2023425,Milan,Q490,45.466944444444,9.19,Catania,Q1903,37.502669444444,15.087269444444,1012.0224254268338
28,Oslo - Bergen,2003549,Oslo,Q585,59.911111111111,10.752777777778,Bergen,Q26793,60.3925,5.3233333333333,305.1160031130857
29,Berlin - London,2000728,Berlin,Q64,52.516666666667,13.383333333333,London,Q84,51.507222222222,-0.1275,930.0792211917169
30,Madrid - Mallorca,1995104,Madrid,Q2807,40.418888888889,-3.6919444444444,Mallorca,Q8828,39.616666666667,2.9833333333333,575.2653963767334
31,Zürich - London,1946968,Zürich,Q72,47.378611111111,8.54,London,Q84,51.507222222222,-0.1275,775.987433581694
32,Berlin - Munich,1933810,Berlin,Q64,52.516666666667,13.383333333333,Munich,Q1726,48.1375,11.575,503.5346411245963
33,Madrid - Tenerife,1836177,Madrid,Q2807,40.418888888889,-3.6919444444444,Tenerife,Q40846,28.268611111111,-16.605555555556,1793.4342576901734
34,London - Munich,1834163,London,Q84,51.507222222222,-0.1275,Munich,Q1726,48.1375,11.575,917.9889173877879
35,Rome - Catania,1826348,Rome,Q220,41.893055555556,12.482777777778,Catania,Q1903,37.502669444444,15.087269444444,536.5670174069772
36,London - Alicante,1783636,London,Q84,51.507222222222,-0.1275,Alicante,Q11959,38.345277777778,-0.48305555555556,1463.806705980908
37,London - Mallorca,1774166,London,Q84,51.507222222222,-0.1275,Mallorca,Q8828,39.616666666667,2.9833333333333,1343.8428533006409
38,Hamburg - Munich,1740129,Hamburg,Q1055,53.55,10,Munich,Q1726,48.1375,11.575,611.8773623030654
39,London - Budapest,1685154,London,Q84,51.507222222222,-0.1275,Budapest,Q1781,47.498333333333,19.040833333333,1449.2376277368448
40,Oslo - Stavanger,1681182,Oslo,Q585,59.911111111111,10.752777777778,Stavanger,Q25416,58.97,5.71,303.6004547478084
41,Rome - Madrid,1660456,Rome,Q220,41.893055555556,12.482777777778,Madrid,Q2807,40.418888888889,-3.6919444444444,1361.9871909689095
42,Madrid - Gran Canaria,1659106,Madrid,Q2807,40.418888888889,-3.6919444444444,Gran Canaria,Q178925,27.958611111111,-15.5925,1762.1519127093604
43,London - Stockholm,1611394,London,Q84,51.507222222222,-0.1275,Stockholm,Q1754,59.329444444444,18.068611111111,1432.7880855392498
44,Rome - Palermo,1580569,Rome,Q220,41.893055555556,12.482777777778,Palermo,Q2656,38.115658,13.361262,426.63333968885854
45,London - Faro,1563209,London,Q84,51.507222222222,-0.1275,Faro,Q159457,37.0161111111111,-7.935,1724.7379441406047
46,Paris - Marseille,1558924,Paris,Q90,48.856944444444,2.3513888888889,Marseille,Q23482,43.296666666667,5.3763888888889,660.6981835672751
47,Lisbon - Madrid,1558588,Lisbon,Q597,38.708042,-9.139016,Madrid,Q2807,40.418888888889,-3.6919444444444,504.08734485907297
48,Düsseldorf - Mallorca,1557389,Düsseldorf,Q1718,51.231144444444,6.7723805555556,Mallorca,Q8828,39.616666666667,2.9833333333333,1324.4250885935592
49,Paris - Porto,1545970,Paris,Q90,48.856944444444,2.3513888888889,Porto,Q36433,41.149472222222,-8.6107777777778,1213.1401967728991
50,Milan - Palermo,1539436,Milan,Q490,45.466944444444,9.19,Palermo,Q2656,38.115658,13.361262,887.2399461879802
51,Düsseldorf - Munich,1488008,Düsseldorf,Q1718,51.231144444444,6.7723805555556,Munich,Q1726,48.1375,11.575,487.3652585013218
52,London - Nice,1479686,London,Q84,51.507222222222,-0.1275,Nice,Q33959,43.701944444444,7.2683333333333,1028.7353902946138
53,Oslo - Copenhagen,1467630,Oslo,Q585,59.911111111111,10.752777777778,Copenhagen,Q1748,55.676111111111,12.568888888889,483.00688986632605
54,Paris - Pointe-à-Pitre,1463765,Paris,Q90,48.856944444444,2.3513888888889,Pointe-à-Pitre,Q335322,16.241111111111,-61.533055555556,6754.706674459071
55,Berlin - Cologne,1434719,Berlin,Q64,52.516666666667,13.383333333333,Cologne,Q365,50.942222222222,6.9577777777778,475.70077080678317
56,Milan - Madrid,1429719,Milan,Q490,45.466944444444,9.19,Madrid,Q2807,40.418888888889,-3.6919444444444,1187.3774663519675
57,Hamburg - Frankfurt,1426018,Hamburg,Q1055,53.55,10,Frankfurt,Q1794,50.113611111111,8.6797222222222,392.71342208617017
58,London - Athens,1410148,London,Q84,51.507222222222,-0.1275,Athens,Q1524,37.9841666666667,23.7280555555556,2391.6090175711734
59,Rome - Barcelona,1399202,Rome,Q220,41.893055555556,12.482777777778,Barcelona,Q1492,41.3825,2.1769444444444,857.8041211345702
60,London - Warsaw,1391764,London,Q84,51.507222222222,-0.1275,Warsaw,Q270,52.216666666667,21.033333333333,1450.0660320706606
61,Copenhagen - Stockholm,1387160,Copenhagen,Q1748,55.676111111111,12.568888888889,Stockholm,Q1754,59.329444444444,18.068611111111,522.1191612562617
62,Oslo - Stockholm,1386340,Oslo,Q585,59.911111111111,10.752777777778,Stockholm,Q1754,59.329444444444,18.068611111111,416.23311033203214
63,Paris - Amsterdam,1386065,Paris,Q90,48.856944444444,2.3513888888889,Amsterdam,Q727,52.383333333333,4.9,431.3067577255499
64,Amsterdam - Barcelona,1382718,Amsterdam,Q727,52.383333333333,4.9,Barcelona,Q1492,41.3825,2.1769444444444,1240.3853409313103
65,Stockholm - Helsinki,1381565,Stockholm,Q1754,59.329444444444,18.068611111111,Helsinki,Q1757,60.17556,24.93417,395.70213704599234
66,London - Oslo,1378423,London,Q84,51.507222222222,-0.1275,Oslo,Q585,59.911111111111,10.752777777778,1153.5468720859458
67,Milan - Naples,1375113,Milan,Q490,45.466944444444,9.19,Naples,Q2634,40.833333333333,14.25,658.4689656983418
68,Paris - Saint-Denis,1370503,Paris,Q90,48.856944444444,2.3513888888889,Saint-Denis,Q47045,-20.878888888889,55.448055555556,9364.648661624722
69,London - Bucharest,1362762,London,Q84,51.507222222222,-0.1275,Bucharest,Q19660,44.4,26.083333333333,2091.6371998570826
70,London - Vienna,1353717,London,Q84,51.507222222222,-0.1275,Vienna,Q1741,48.20833,16.373064,1235.330081772619
71,London - Prague,1333907,London,Q84,51.507222222222,-0.1275,Prague,Q1085,50.083333333333,14.416666666667,1032.659878514326
72,Athens - Thessaloniki,1330965,Athens,Q1524,37.9841666666667,23.7280555555556,Thessaloniki,Q17151,40.6402777777778,22.9355555555556,303.10992791282763
73,London - Venice,1320048,London,Q84,51.507222222222,-0.1275,Venice,Q641,45.439722222222,12.331944444444,1137.1668116423882
74,Basel - London,1307590,Basel,Q78,47.560555555556,7.5905555555556,London,Q84,51.507222222222,-0.1275,708.457768414084
75,Milan - Barcelona,1300182,Milan,Q490,45.466944444444,9.19,Barcelona,Q1492,41.3825,2.1769444444444,725.498987848156
76,Berlin - Paris,1287129,Berlin,Q64,52.516666666667,13.383333333333,Paris,Q90,48.856944444444,2.3513888888889,876.0017178927507
77,Frankfurt - Mallorca,1253917,Frankfurt,Q1794,50.113611111111,8.6797222222222,Mallorca,Q8828,39.616666666667,2.9833333333333,1249.6393858516624
78,Paris - Fort-de-France,1241818,Paris,Q90,48.856944444444,2.3513888888889,Fort-de-France,Q81621,14.6,-61.0666666666667,6856.074050428265
79,Berlin - Stuttgart,1234360,Berlin,Q64,52.516666666667,13.383333333333,Stuttgart,Q1022,48.776111111111,9.1775,510.6338736734926
80,Berlin - Düsseldorf,1233050,Berlin,Q64,52.516666666667,13.383333333333,Düsseldorf,Q1718,51.231144444444,6.7723805555556,475.6264411038044
81,London - Tenerife,1231299,London,Q84,51.507222222222,-0.1275,Tenerife,Q40846,28.268611111111,-16.605555555556,2926.3225346116446
82,Paris - Bordeaux,1218505,Paris,Q90,48.856944444444,2.3513888888889,Bordeaux,Q1479,44.837777777778,-0.57944444444444,499.31538415494924
83,Amsterdam - Dublin,1215609,Amsterdam,Q727,52.383333333333,4.9,Dublin,Q1761,53.3497222222222,-6.26027777777778,756.0070828809534
84,Milan - Cagliari,1215221,Milan,Q490,45.466944444444,9.19,Cagliari,Q1897,39.216666666667,9.1166666666667,695.0263132395598
85,Milan - Lamezia Terme,1212028,Milan,Q490,45.466944444444,9.19,Lamezia Terme,Q53643,38.966666666667,16.3,929.4079634414394
86,Paris - Venice,1210459,Paris,Q90,48.856944444444,2.3513888888889,Venice,Q641,45.439722222222,12.331944444444,844.1146878222092
87,Oslo - Tromsø,1210362,Oslo,Q585,59.911111111111,10.752777777778,Tromsø,Q26087,69.666667,18.933333,1149.507793436421
88,Milan - Amsterdam,1207604,Milan,Q490,45.466944444444,9.19,Amsterdam,Q727,52.383333333333,4.9,830.112362285536
89,Barcelona - Ibiza,1206315,Barcelona,Q1492,41.3825,2.1769444444444,Ibiza,Q52631,38.98,1.43,274.5758046606036
90,Rome - Milan,1192843,Rome,Q220,41.893055555556,12.482777777778,Milan,Q490,45.466944444444,9.19,477.4397261213013
91,Brussels - Madrid,1191413,Brussels,Q239,50.8466666666667,4.35166666666667,Madrid,Q2807,40.418888888889,-3.6919444444444,1315.6099063281918
92,Athens - Santorini,1187796,Athens,Q1524,37.9841666666667,23.7280555555556,Santorini,Q129296,36.416666666667,25.433333333333,230.62367800769493
93,Berlin - Mallorca,1178859,Berlin,Q64,52.516666666667,13.383333333333,Mallorca,Q8828,39.616666666667,2.9833333333333,1639.7752346079264
94,Berlin - Zürich,1164277,Berlin,Q64,52.516666666667,13.383333333333,Zürich,Q72,47.378611111111,8.54,667.8690471647603
95,Milan - Bari,1159657,Milan,Q490,45.466944444444,9.19,Bari,Q3519,41.125277777778,16.866666666667,786.1930262233807
96,Tenerife - Gran Canaria,1148143,Tenerife,Q40846,28.268611111111,-16.605555555556,Gran Canaria,Q178925,27.958611111111,-15.5925,105.16540174841788
97,Amsterdam - Madrid,1144665,Amsterdam,Q727,52.383333333333,4.9,Madrid,Q2807,40.418888888889,-3.6919444444444,1482.1458047571189
98,Munich - Frankfurt,1136524,Munich,Q1726,48.1375,11.575,Frankfurt,Q1794,50.113611111111,8.6797222222222,304.3702693082124
99,Stockholm - Gothenburg,1129207,Stockholm,Q1754,59.329444444444,18.068611111111,Gothenburg,Q25287,57.671706102705,11.980966694056,398.6293933043788
100,Athens - Larnaca,1113657,Athens,Q1524,37.9841666666667,23.7280555555556,Larnaca,Q171882,34.916666666667,33.633333333333,948.7168175230287
101,Amsterdam - Copenhagen,1109819,Amsterdam,Q727,52.383333333333,4.9,Copenhagen,Q1748,55.676111111111,12.568888888889,619.8580373409148
102,Vienna - Frankfurt,1108897,Vienna,Q1741,48.20833,16.373064,Frankfurt,Q1794,50.113611111111,8.6797222222222,597.8443087819975
103,Brussels - Barcelona,1074211,Brussels,Q239,50.8466666666667,4.35166666666667,Barcelona,Q1492,41.3825,2.1769444444444,1065.508298798098
104,Rome - Cagliari,1072520,Rome,Q220,41.893055555556,12.482777777778,Cagliari,Q1897,39.216666666667,9.1166666666667,411.56235288899893
105,Frankfurt - Madrid,1069097,Frankfurt,Q1794,50.113611111111,8.6797222222222,Madrid,Q2807,40.418888888889,-3.6919444444444,1445.2016069253857
106,Amsterdam - Manchester,1067164,Amsterdam,Q727,52.383333333333,4.9,Manchester,Q18125,53.466666666667,-2.2333333333333,492.8891854690319
107,Geneva - Paris,1059013,Geneva,Q71,46.2,6.15,Paris,Q90,48.856944444444,2.3513888888889,410.540661966879
108,Rome - Amsterdam,1048073,Rome,Q220,41.893055555556,12.482777777778,Amsterdam,Q727,52.383333333333,4.9,1298.1599933808006
109,Paris - Dublin,1047649,Paris,Q90,48.856944444444,2.3513888888889,Dublin,Q1761,53.3497222222222,-6.26027777777778,780.8069279071556
110,London - Helsinki,1047343,London,Q84,51.507222222222,-0.1275,Helsinki,Q1757,60.17556,24.93417,1820.9013794749205
111,Stockholm - Luleå,1046092,Stockholm,Q1754,59.329444444444,18.068611111111,Luleå,Q26268,65.583820878214,22.191498303076,726.6691756753603
112,Barcelona - Seville,1045029,Barcelona,Q1492,41.3825,2.1769444444444,Seville,Q8717,37.383333333333,-5.9833333333333,829.8686666621859
113,Paris - Frankfurt,1041037,Paris,Q90,48.856944444444,2.3513888888889,Frankfurt,Q1794,50.113611111111,8.6797222222222,477.84733668371473
114,Barcelona - Frankfurt,1034545,Barcelona,Q1492,41.3825,2.1769444444444,Frankfurt,Q1794,50.113611111111,8.6797222222222,1093.1443091313017
115,Stockholm - Malmö,1023098,Stockholm,Q1754,59.329444444444,18.068611111111,Malmö,Q2211,55.593188589918,13.021423031021,513.2361245217453
116,Cologne - Munich,1017011,Cologne,Q365,50.942222222222,6.9577777777778,Munich,Q1726,48.1375,11.575,456.1940480099948
117,Paris - Munich,1014022,Paris,Q90,48.856944444444,2.3513888888889,Munich,Q1726,48.1375,11.575,683.8953102807346
118,Athens - Heraklion,1010545,Athens,Q1524,37.9841666666667,23.7280555555556,Heraklion,Q160544,35.3402777777778,25.1344444444444,319.62111671640224
119,Lisbon - Madeira,1010455,Lisbon,Q597,38.708042,-9.139016,Madeira,Q26253,32.75,-17,970.0499273811627
120,Lisbon - Porto,1008951,Lisbon,Q597,38.708042,-9.139016,Porto,Q36433,41.149472222222,-8.6107777777778,275.1846351679675
121,Lisbon - Barcelona,1008288,Lisbon,Q597,38.708042,-9.139016,Barcelona,Q1492,41.3825,2.1769444444444,1007.2385849986694
122,London - Düsseldorf,1008254,London,Q84,51.507222222222,-0.1275,Düsseldorf,Q1718,51.231144444444,6.7723805555556,479.787154558551
123,Dublin - Manchester,1002034,Dublin,Q1761,53.3497222222222,-6.26027777777778,Manchester,Q18125,53.466666666667,-2.2333333333333,267.2049504984008
124,Berlin - Amsterdam,1002022,Berlin,Q64,52.516666666667,13.383333333333,Amsterdam,Q727,52.383333333333,4.9,574.7607966299738
125,Paris - Montpellier,989305,Paris,Q90,48.856944444444,2.3513888888889,Montpellier,Q6441,43.610919444444,3.8772305555556,594.9861758679302
126,London - Hamburg,977778,London,Q84,51.507222222222,-0.1275,Hamburg,Q1055,53.55,10,721.0274186266523
127,Zürich - Amsterdam,976448,Zürich,Q72,47.378611111111,8.54,Amsterdam,Q727,52.383333333333,4.9,614.3910127190379
128,Paris - Vienna,972444,Paris,Q90,48.856944444444,2.3513888888889,Vienna,Q1741,48.20833,16.373064,1033.4962099927234
129,Madrid - Porto,969958,Madrid,Q2807,40.418888888889,-3.6919444444444,Porto,Q36433,41.149472222222,-8.6107777777778,421.9676204441305
130,Amsterdam - Munich,969878,Amsterdam,Q727,52.383333333333,4.9,Munich,Q1726,48.1375,11.575,668.8406258013623
131,Berlin - Vienna,965728,Berlin,Q64,52.516666666667,13.383333333333,Vienna,Q1741,48.20833,16.373064,523.793896515293
132,Helsinki - Oulu,956926,Helsinki,Q1757,60.17556,24.93417,Oulu,Q47048,65.0141666666667,25.4719444444444,538.7278194335577
133,London - Cork,948616,London,Q84,51.507222222222,-0.1275,Cork,Q36647,51.9,-8.4730555555556,576.4367403154911
134,Dublin - Birmingham,944882,Dublin,Q1761,53.3497222222222,-6.26027777777778,Birmingham,Q2256,52.48,-1.9025,307.72151178385815
135,Amsterdam - Vienna,944540,Amsterdam,Q727,52.383333333333,4.9,Vienna,Q1741,48.20833,16.373064,936.3877221632902
136,Zürich - Vienna,939525,Zürich,Q72,47.378611111111,8.54,Vienna,Q1741,48.20833,16.373064,592.0992591781381
137,Milan - Frankfurt,938626,Milan,Q490,45.466944444444,9.19,Frankfurt,Q1794,50.113611111111,8.6797222222222,518.0873487567926
138,Lisbon - Amsterdam,927675,Lisbon,Q597,38.708042,-9.139016,Amsterdam,Q727,52.383333333333,4.9,1865.7643226211994
139,London - Sofia,911299,London,Q84,51.507222222222,-0.1275,Sofia,Q472,42.697886,23.321726,2014.4905438986275
140,Brussels - Lisbon,906942,Brussels,Q239,50.8466666666667,4.35166666666667,Lisbon,Q597,38.708042,-9.139016,1713.5683929341822
141,Paris - Athens,903385,Paris,Q90,48.856944444444,2.3513888888889,Athens,Q1524,37.9841666666667,23.7280555555556,2095.9302473974194
142,Rome - Brussels,902121,Rome,Q220,41.893055555556,12.482777777778,Brussels,Q239,50.8466666666667,4.35166666666667,1173.3107363692952
143,Munich - Madrid,900794,Munich,Q1726,48.1375,11.575,Madrid,Q2807,40.418888888889,-3.6919444444444,1483.572490860877
144,Basel - Amsterdam,895480,Basel,Q78,47.560555555556,7.5905555555556,Amsterdam,Q727,52.383333333333,4.9,569.6411252804006
145,Brussels - Milan,894046,Brussels,Q239,50.8466666666667,4.35166666666667,Milan,Q490,45.466944444444,9.19,697.2494015984272
146,Berlin - Basel,890412,Berlin,Q64,52.516666666667,13.383333333333,Basel,Q78,47.560555555556,7.5905555555556,688.6286976951294
147,Barcelona - Munich,889281,Barcelona,Q1492,41.3825,2.1769444444444,Munich,Q1726,48.1375,11.575,1054.3516066232698
148,London - Kraków,888423,London,Q84,51.507222222222,-0.1275,Kraków,Q31487,50.061388888889,19.937222222222,1415.2047809098026
149,Milan - Brindisi,886599,Milan,Q490,45.466944444444,9.19,Brindisi,Q13496,40.638333333333,17.945833333333,890.4401719008341
150,Hamburg - Mallorca,884938,Hamburg,Q1055,53.55,10,Mallorca,Q8828,39.616666666667,2.9833333333333,1637.5486466400832
151,Paris - Copenhagen,884182,Paris,Q90,48.856944444444,2.3513888888889,Copenhagen,Q1748,55.676111111111,12.568888888889,1026.7273018646918
152,Munich - Mallorca,881564,Munich,Q1726,48.1375,11.575,Mallorca,Q8828,39.616666666667,2.9833333333333,1169.704982594852
153,London - Naples,881458,London,Q84,51.507222222222,-0.1275,Naples,Q2634,40.833333333333,14.25,1617.3970594843615
154,Amsterdam - Frankfurt,881423,Amsterdam,Q727,52.383333333333,4.9,Frankfurt,Q1794,50.113611111111,8.6797222222222,364.47109407241464
155,Paris - Prague,876959,Paris,Q90,48.856944444444,2.3513888888889,Prague,Q1085,50.083333333333,14.416666666667,881.4268207662773
156,London - Malta,865139,London,Q84,51.507222222222,-0.1275,Malta,Q233,35.883333333333,14.5,2089.3581214600354
157,Manchester - Tenerife,863880,Manchester,Q18125,53.466666666667,-2.2333333333333,Tenerife,Q40846,28.268611111111,-16.605555555556,3038.18456494138
158,Amsterdam - Stockholm,863648,Amsterdam,Q727,52.383333333333,4.9,Stockholm,Q1754,59.329444444444,18.068611111111,1124.1683344245293
159,Stockholm - Umeå,860572,Stockholm,Q1754,59.329444444444,18.068611111111,Umeå,Q25579,63.828453583518,20.270566462023,513.5837514449181
160,Lisbon - Frankfurt,855487,Lisbon,Q597,38.708042,-9.139016,Frankfurt,Q1794,50.113611111111,8.6797222222222,1891.5736445616249
161,London - Reykjavík,852337,London,Q84,51.507222222222,-0.1275,Reykjavík,Q1764,64.1475,-21.935,1889.538862303905
162,Cologne - Mallorca,851864,Cologne,Q365,50.942222222222,6.9577777777778,Mallorca,Q8828,39.616666666667,2.9833333333333,1296.6705466969302
163,Barcelona - Málaga,848964,Barcelona,Q1492,41.3825,2.1769444444444,Málaga,Q8851,36.716666666667,-4.4166666666667,769.8684306665356
164,Copenhagen - Helsinki,848433,Copenhagen,Q1748,55.676111111111,12.568888888889,Helsinki,Q1757,60.17556,24.93417,882.921815099004
165,Barcelona - Mahon,837792,Barcelona,Q1492,41.3825,2.1769444444444,Mahon,Q49550,39.889444444444,4.2641666666667,242.02317565914652
166,Oslo - Bodø,837447,Oslo,Q585,59.911111111111,10.752777777778,Bodø,Q39383,67.28267,14.37513,838.6696579478402
167,Madrid - Ibiza,837007,Madrid,Q2807,40.418888888889,-3.6919444444444,Ibiza,Q52631,38.98,1.43,466.41012921850927
168,Madrid - Bilbao,835758,Madrid,Q2807,40.418888888889,-3.6919444444444,Bilbao,Q8692,43.262222222222,-2.9533333333333,322.0269661698039
169,Lisbon - Ponta Delgada,832067,Lisbon,Q597,38.708042,-9.139016,Ponta Delgada,Q208149,37.74,-25.67,1446.0934080704037
170,Rome - Athens,824882,Rome,Q220,41.893055555556,12.482777777778,Athens,Q1524,37.9841666666667,23.7280555555556,1051.5575492514965
171,London - Porto,822908,London,Q84,51.507222222222,-0.1275,Porto,Q36433,41.149472222222,-8.6107777777778,1321.133754213532
172,London - Larnaca,814239,London,Q84,51.507222222222,-0.1275,Larnaca,Q171882,34.916666666667,33.633333333333,3254.974503134468
173,"Gran Canaria - San Bartolomé, Las Palmas",803965,Gran Canaria,Q178925,27.958611111111,-15.5925,"San Bartolomé, Las Palmas",Q962773,29.0016342148498,-13.6139314665816,225.4886238189382
174,Paris - Málaga,803002,Paris,Q90,48.856944444444,2.3513888888889,Málaga,Q8851,36.716666666667,-4.4166666666667,1457.0952344329708
175,London - Bologna,793826,London,Q84,51.507222222222,-0.1275,Bologna,Q1891,44.493888888889,11.342777777778,1153.6367864099643
176,Stuttgart - Mallorca,791911,Stuttgart,Q1022,48.776111111111,9.1775,Mallorca,Q8828,39.616666666667,2.9833333333333,1130.950978947145
177,Rome - Frankfurt,785762,Rome,Q220,41.893055555556,12.482777777778,Frankfurt,Q1794,50.113611111111,8.6797222222222,959.7885806529727
178,London - Aberdeen,784738,London,Q84,51.507222222222,-0.1275,Aberdeen,Q36405,57.15,-2.1,640.2810009541878
179,London - Pisa,783420,London,Q84,51.507222222222,-0.1275,Pisa,Q13375,43.716666666667,10.4,1169.5422702560527
180,Mallorca - Manchester,782551,Mallorca,Q8828,39.616666666667,2.9833333333333,Manchester,Q18125,53.466666666667,-2.2333333333333,1589.815890410628
181,Copenhagen - Aalborg,777719,Copenhagen,Q1748,55.676111111111,12.568888888889,Aalborg,Q25410,57.05,9.9166666666667,223.6342191745865
182,Düsseldorf - Vienna,770693,Düsseldorf,Q1718,51.231144444444,6.7723805555556,Vienna,Q1741,48.20833,16.373064,766.8977376431676
183,Rome - Bari,761887,Rome,Q220,41.893055555556,12.482777777778,Bari,Q3519,41.125277777778,16.866666666667,374.8428505421855
184,Tenerife - La Palma,760226,Tenerife,Q40846,28.268611111111,-16.605555555556,La Palma,Q201689,28.666666666667,-17.866666666667,130.97813647561958
185,Dublin - Frankfurt,759621,Dublin,Q1761,53.3497222222222,-6.26027777777778,Frankfurt,Q1794,50.113611111111,8.6797222222222,1087.548650068048
186,Amsterdam - Prague,758629,Amsterdam,Q727,52.383333333333,4.9,Prague,Q1085,50.083333333333,14.416666666667,709.5734639446296
187,London - Ibiza,757793,London,Q84,51.507222222222,-0.1275,Ibiza,Q52631,38.98,1.43,1398.206557864386
188,Zürich - Düsseldorf,747857,Zürich,Q72,47.378611111111,8.54,Düsseldorf,Q1718,51.231144444444,6.7723805555556,447.10646495006586
189,Belfast - Manchester,745545,Belfast,Q10686,54.596388888889,-5.93,Manchester,Q18125,53.466666666667,-2.2333333333333,272.105309295633
190,Alicante - Manchester,742503,Alicante,Q11959,38.345277777778,-0.48305555555556,Manchester,Q18125,53.466666666667,-2.2333333333333,1686.7360442291858
191,Amsterdam - Helsinki,739393,Amsterdam,Q727,52.383333333333,4.9,Helsinki,Q1757,60.17556,24.93417,1500.395681684691
192,Stuttgart - Hamburg,736612,Stuttgart,Q1022,48.776111111111,9.1775,Hamburg,Q1055,53.55,10,533.9123992714353
193,Budapest - Frankfurt,723922,Budapest,Q1781,47.498333333333,19.040833333333,Frankfurt,Q1794,50.113611111111,8.6797222222222,811.7563843929962
194,Zürich - Paris,723610,Zürich,Q72,47.378611111111,8.54,Paris,Q90,48.856944444444,2.3513888888889,487.7562654993464
195,Oslo - Amsterdam,721489,Oslo,Q585,59.911111111111,10.752777777778,Amsterdam,Q727,52.383333333333,4.9,911.3496013755682
196,Madrid - Santiago de Compostela,719748,Madrid,Q2807,40.418888888889,-3.6919444444444,Santiago de Compostela,Q14314,42.883333333333,-8.5333333333333,486.59307638336224
197,Hamburg - Vienna,719255,Hamburg,Q1055,53.55,10,Vienna,Q1741,48.20833,16.373064,742.830525700037
198,Rome - Lisbon,717654,Rome,Q220,41.893055555556,12.482777777778,Lisbon,Q597,38.708042,-9.139016,1862.273114728941
199,Rome - Munich,717631,Rome,Q220,41.893055555556,12.482777777778,Munich,Q1726,48.1375,11.575,697.9940635648771
200,"London - San Bartolomé, Las Palmas",716161,London,Q84,51.507222222222,-0.1275,"San Bartolomé, Las Palmas",Q962773,29.0016342148498,-13.6139314665816,2741.587826226451
201,Basel - Barcelona,713056,Basel,Q78,47.560555555556,7.5905555555556,Barcelona,Q1492,41.3825,2.1769444444444,809.7455026784409
202,Paris - Stockholm,711279,Paris,Q90,48.856944444444,2.3513888888889,Stockholm,Q1754,59.329444444444,18.068611111111,1543.563166649408
203,London - Paphos District,710144,London,Q84,51.507222222222,-0.1275,Paphos District,Q59133,34.77682,32.419736,3188.2129341201894
204,London - Toulouse,707568,London,Q84,51.507222222222,-0.1275,Toulouse,Q7880,43.604444444444,1.4438888888889,886.5694880232038
205,Geneva - Amsterdam,706238,Geneva,Q71,46.2,6.15,Amsterdam,Q727,52.383333333333,4.9,693.477626751062
206,Amsterdam - Birmingham,702870,Amsterdam,Q727,52.383333333333,4.9,Birmingham,Q2256,52.48,-1.9025,461.1400781803774
207,Paris - Lyon,696260,Paris,Q90,48.856944444444,2.3513888888889,Lyon,Q456,45.758888888889,4.8413888888889,392.27037573966146
208,Stockholm - Frankfurt,695712,Stockholm,Q1754,59.329444444444,18.068611111111,Frankfurt,Q1794,50.113611111111,8.6797222222222,1186.4473242607557
209,Barcelona - Porto,692936,Barcelona,Q1492,41.3825,2.1769444444444,Porto,Q36433,41.149472222222,-8.6107777777778,901.4326479583815
210,Zürich - Hamburg,692724,Zürich,Q72,47.378611111111,8.54,Hamburg,Q1055,53.55,10,693.9254677714669
211,Zürich - Madrid,691185,Zürich,Q72,47.378611111111,8.54,Madrid,Q2807,40.418888888889,-3.6919444444444,1246.277449067589
212,Geneva - Porto,687568,Geneva,Q71,46.2,6.15,Porto,Q36433,41.149472222222,-8.6107777777778,1310.5413214559442
213,Madrid - Vigo,683930,Madrid,Q2807,40.418888888889,-3.6919444444444,Vigo,Q8745,42.235833333333,-8.7266666666667,466.3291029547838
214,Paris - Manchester,683651,Paris,Q90,48.856944444444,2.3513888888889,Manchester,Q18125,53.466666666667,-2.2333333333333,603.8257495630387
215,Madrid - A Coruña,680075,Madrid,Q2807,40.418888888889,-3.6919444444444,A Coruña,Q8757,43.366666666667,-8.3833333333333009,508.0165552181151
216,Amsterdam - Edinburgh,680043,Amsterdam,Q727,52.383333333333,4.9,Edinburgh,Q23436,55.95,-3.1988888888889,659.0379347943344
217,Brussels - Málaga,677733,Brussels,Q239,50.8466666666667,4.35166666666667,Málaga,Q8851,36.716666666667,-4.4166666666667,1718.7824350828564
218,London - Brussels,675583,London,Q84,51.507222222222,-0.1275,Brussels,Q239,50.8466666666667,4.35166666666667,320.70961449061707
219,Barcelona - Tenerife,673397,Barcelona,Q1492,41.3825,2.1769444444444,Tenerife,Q40846,28.268611111111,-16.605555555556,2241.7584631174436
220,Gran Canaria - Fuerteventura,664468,Gran Canaria,Q178925,27.958611111111,-15.5925,Fuerteventura,Q192534,28.4325,-14.003056,164.43633434827302
221,Copenhagen - Frankfurt,661848,Copenhagen,Q1748,55.676111111111,12.568888888889,Frankfurt,Q1794,50.113611111111,8.6797222222222,671.0323925592178
222,Dublin - Edinburgh,658111,Dublin,Q1761,53.3497222222222,-6.26027777777778,Edinburgh,Q23436,55.95,-3.1988888888889,349.7693823565705
223,Zürich - Barcelona,657543,Zürich,Q72,47.378611111111,8.54,Barcelona,Q1492,41.3825,2.1769444444444,836.1970050632154
224,Dublin - Málaga,657377,Dublin,Q1761,53.3497222222222,-6.26027777777778,Málaga,Q8851,36.716666666667,-4.4166666666667,1855.019277568146
225,Amsterdam - Málaga,656557,Amsterdam,Q727,52.383333333333,4.9,Málaga,Q8851,36.716666666667,-4.4166666666667,1888.3540195964747
226,Oslo - Ålesund,654853,Oslo,Q585,59.911111111111,10.752777777778,Ålesund,Q62266,62.4712388888889,6.15423888888889,376.32428008583605
227,Zürich - Frankfurt,652094,Zürich,Q72,47.378611111111,8.54,Frankfurt,Q1794,50.113611111111,8.6797222222222,304.29094547825304
228,Berlin - Barcelona,647544,Berlin,Q64,52.516666666667,13.383333333333,Barcelona,Q1492,41.3825,2.1769444444444,1498.3417089182315
229,Basel - Pristina,641590,Basel,Q78,47.560555555556,7.5905555555556,Pristina,Q25270,42.666666666667,21.166666666667,1193.9865928155723
230,Geneva - Barcelona,640835,Geneva,Q71,46.2,6.15,Barcelona,Q1492,41.3825,2.1769444444444,623.2285886869047
231,Paris - Warsaw,640597,Paris,Q90,48.856944444444,2.3513888888889,Warsaw,Q270,52.216666666667,21.033333333333,1367.8022682712826
232,Barcelona - Vienna,639550,Barcelona,Q1492,41.3825,2.1769444444444,Vienna,Q1741,48.20833,16.373064,1349.740752079408
233,Hanover - Mallorca,639010,Hanover,Q1715,52.374444444444,9.7386111111111,Mallorca,Q8828,39.616666666667,2.9833333333333,1509.908895613156
234,Brussels - Warsaw,637949,Brussels,Q239,50.8466666666667,4.35166666666667,Warsaw,Q270,52.216666666667,21.033333333333,1161.2841139911836
235,Vienna - Bucharest,633829,Vienna,Q1741,48.20833,16.373064,Bucharest,Q19660,44.4,26.083333333333,856.8173410590603
236,Milan - Olbia,632588,Milan,Q490,45.466944444444,9.19,Olbia,Q13630,40.916666666667,9.5,506.59114887760626
237,Paris - Biarritz,631360,Paris,Q90,48.856944444444,2.3513888888889,Biarritz,Q132790,43.480555555556,-1.5572222222222,669.0976401799466
238,Berlin - Madrid,629987,Berlin,Q64,52.516666666667,13.383333333333,Madrid,Q2807,40.418888888889,-3.6919444444444,1866.9756546836315
239,Geneva - Zürich,628620,Geneva,Q71,46.2,6.15,Zürich,Q72,47.378611111111,8.54,224.22523688337733
240,Berlin - Copenhagen,626152,Berlin,Q64,52.516666666667,13.383333333333,Copenhagen,Q1748,55.676111111111,12.568888888889,355.29938383985717
241,Geneva - Lisbon,625362,Geneva,Q71,46.2,6.15,Lisbon,Q597,38.708042,-9.139016,1501.7419847636702
242,London - Lyon,623617,London,Q84,51.507222222222,-0.1275,Lyon,Q456,45.758888888889,4.8413888888889,735.7304521211217
243,Paris - Bucharest,623173,Paris,Q90,48.856944444444,2.3513888888889,Bucharest,Q19660,44.4,26.083333333333,1870.1556358966777
244,Barcelona - Bilbao,622601,Barcelona,Q1492,41.3825,2.1769444444444,Bilbao,Q8692,43.262222222222,-2.9533333333333,470.61409677210304
245,Berlin - Milan,619598,Berlin,Q64,52.516666666667,13.383333333333,Milan,Q490,45.466944444444,9.19,841.1236097390538
246,Athens - Frankfurt,617632,Athens,Q1524,37.9841666666667,23.7280555555556,Frankfurt,Q1794,50.113611111111,8.6797222222222,1800.2435596767716
247,Athens - Rhodes,615965,Athens,Q1524,37.9841666666667,23.7280555555556,Rhodes,Q43048,36.166666666667,28,429.4418346158065
248,London - Marseille,613420,London,Q84,51.507222222222,-0.1275,Marseille,Q23482,43.296666666667,5.3763888888889,1001.8501773681197
249,Geneva - Brussels,612419,Geneva,Q71,46.2,6.15,Brussels,Q239,50.8466666666667,4.35166666666667,533.3461509904002
250,Rome - Bucharest,610082,Rome,Q220,41.893055555556,12.482777777778,Bucharest,Q19660,44.4,26.083333333333,1136.575770785587
251,Brussels - Alicante,610038,Brussels,Q239,50.8466666666667,4.35166666666667,Alicante,Q11959,38.345277777778,-0.48305555555556,1441.0328163804218
252,Basel - Mallorca,605008,Basel,Q78,47.560555555556,7.5905555555556,Mallorca,Q8828,39.616666666667,2.9833333333333,957.647575701077
253,Oslo - Narvik,604761,Oslo,Q585,59.911111111111,10.752777777778,Narvik,Q59101,68.43828,17.42777,1000.4132478363979
254,London - Riga,603648,London,Q84,51.507222222222,-0.1275,Riga,Q1773,56.9475,24.106944444444,1676.4365879756524
255,Barcelona - Dublin,601519,Barcelona,Q1492,41.3825,2.1769444444444,Dublin,Q1761,53.3497222222222,-6.26027777777778,1472.2289801577465
256,Milan - Lisbon,599301,Milan,Q490,45.466944444444,9.19,Lisbon,Q597,38.708042,-9.139016,1683.62496549089
257,Munich - Dublin,598917,Munich,Q1726,48.1375,11.575,Dublin,Q1761,53.3497222222222,-6.26027777777778,1377.391976561166
258,Brussels - Copenhagen,597751,Brussels,Q239,50.8466666666667,4.35166666666667,Copenhagen,Q1748,55.676111111111,12.568888888889,765.2724944529233
259,London - Gdańsk,591694,London,Q84,51.507222222222,-0.1275,Gdańsk,Q1792,54.366666666667,18.633333333333,1292.5982819488065
260,Munich - Helsinki,587693,Munich,Q1726,48.1375,11.575,Helsinki,Q1757,60.17556,24.93417,1589.7653668118523
261,Paris - Naples,587280,Paris,Q90,48.856944444444,2.3513888888889,Naples,Q2634,40.833333333333,14.25,1291.7796503377144
262,London - Limerick,585804,London,Q84,51.507222222222,-0.1275,Limerick,Q133315,52.6653,-8.6238,594.2528125140145
263,Málaga - Manchester,585513,Málaga,Q8851,36.716666666667,-4.4166666666667,Manchester,Q18125,53.466666666667,-2.2333333333333,1870.1607914781093
264,Paris - Florence,584708,Paris,Q90,48.856944444444,2.3513888888889,Florence,Q2044,43.771388888889,11.254166666667,886.2814870939761
265,Venice - Frankfurt,583888,Venice,Q641,45.439722222222,12.331944444444,Frankfurt,Q1794,50.113611111111,8.6797222222222,586.8379503943165
266,Lyon - Bordeaux,581927,Lyon,Q456,45.758888888889,4.8413888888889,Bordeaux,Q1479,44.837777777778,-0.57944444444444,436.09756428675195
267,Geneva - Madrid,581008,Geneva,Q71,46.2,6.15,Madrid,Q2807,40.418888888889,-3.6919444444444,1022.0914907401117
268,London - Gothenburg,579172,London,Q84,51.507222222222,-0.1275,Gothenburg,Q25287,57.671706102705,11.980966694056,1035.8139213845411
269,Brussels - Frankfurt,577144,Brussels,Q239,50.8466666666667,4.35166666666667,Frankfurt,Q1794,50.113611111111,8.6797222222222,316.85624928152646
270,Paris - Valencia,574052,Paris,Q90,48.856944444444,2.3513888888889,Valencia,Q8818,39.47,-0.376388888888889,1066.0271703193814
271,London - Valencia,573442,London,Q84,51.507222222222,-0.1275,Valencia,Q8818,39.47,-0.376388888888889,1338.618624221601
272,London - Cologne,569154,London,Q84,51.507222222222,-0.1275,Cologne,Q365,50.942222222222,6.9577777777778,497.1865473900713
273,Berlin - Helsinki,568148,Berlin,Q64,52.516666666667,13.383333333333,Helsinki,Q1757,60.17556,24.93417,1106.732827088688
274,Vienna - Madrid,564025,Vienna,Q1741,48.20833,16.373064,Madrid,Q2807,40.418888888889,-3.6919444444444,1808.5605517394185
275,Milan - Vienna,561584,Milan,Q490,45.466944444444,9.19,Vienna,Q1741,48.20833,16.373064,625.2936843763691
276,Paris - Brest,560930,Paris,Q90,48.856944444444,2.3513888888889,Brest,Q12193,48.39,-4.4869444444444,505.12147757186875
277,Lyon - Nantes,560854,Lyon,Q456,45.758888888889,4.8413888888889,Nantes,Q12191,47.217222222222,-1.5538888888889,515.5863868626459
278,Milan - Copenhagen,560840,Milan,Q490,45.466944444444,9.19,Copenhagen,Q1748,55.676111111111,12.568888888889,1159.6594976526085
279,Rome - Vienna,558916,Rome,Q220,41.893055555556,12.482777777778,Vienna,Q1741,48.20833,16.373064,765.5870782750051
280,Munich - Stockholm,558219,Munich,Q1726,48.1375,11.575,Stockholm,Q1754,59.329444444444,18.068611111111,1314.245981594323
281,Berlin - Rome,557761,Berlin,Q64,52.516666666667,13.383333333333,Rome,Q220,41.893055555556,12.482777777778,1183.2255714073422
282,Athens - Chania,556269,Athens,Q1524,37.9841666666667,23.7280555555556,Chania,Q182299,35.516666666667,24.016666666667,275.5757066217851
283,Paris - Ajaccio,555609,Paris,Q90,48.856944444444,2.3513888888889,Ajaccio,Q40104,41.925555555556,8.7363888888889,917.2020543018211
284,Venice - Madrid,555004,Venice,Q641,45.439722222222,12.331944444444,Madrid,Q2807,40.418888888889,-3.6919444444444,1415.8439348629834
285,Stuttgart - Vienna,553989,Stuttgart,Q1022,48.776111111111,9.1775,Vienna,Q1741,48.20833,16.373064,533.7920232592471
286,Dublin - Madrid,553692,Dublin,Q1761,53.3497222222222,-6.26027777777778,Madrid,Q2807,40.418888888889,-3.6919444444444,1450.7851473855135
287,London - Manchester,553107,London,Q84,51.507222222222,-0.1275,Manchester,Q18125,53.466666666667,-2.2333333333333,260.3652256375933
288,Paris - Nantes,550910,Paris,Q90,48.856944444444,2.3513888888889,Nantes,Q12191,47.217222222222,-1.5538888888889,342.79352877898356
289,Madrid - Oviedo,548213,Madrid,Q2807,40.418888888889,-3.6919444444444,Oviedo,Q14317,43.3625,-5.8502777777778,372.86483829866484
290,Stavanger - Bergen,545591,Stavanger,Q25416,58.97,5.71,Bergen,Q26793,60.3925,5.3233333333333,159.65647351723447
291,London - Inverness,545347,London,Q84,51.507222222222,-0.1275,Inverness,Q160493,57.483888888889,-4.2258333333333,715.0175984760053
292,Helsinki - Rovaniemi,543670,Helsinki,Q1757,60.17556,24.93417,Rovaniemi,Q103717,66.5027903,25.7284789,704.657707780185
293,Venice - Catania,542714,Venice,Q641,45.439722222222,12.331944444444,Catania,Q1903,37.502669444444,15.087269444444,911.772234402879
294,Brussels - Budapest,541877,Brussels,Q239,50.8466666666667,4.35166666666667,Budapest,Q1781,47.498333333333,19.040833333333,1128.6057717220383
295,Hanover - Munich,541007,Hanover,Q1715,52.374444444444,9.7386111111111,Munich,Q1726,48.1375,11.575,488.8388972826378
296,Valencia - Mallorca,539213,Valencia,Q8818,39.47,-0.376388888888889,Mallorca,Q8828,39.616666666667,2.9833333333333,288.5315988352691
297,Dublin - Faro,538667,Dublin,Q1761,53.3497222222222,-6.26027777777778,Faro,Q159457,37.0161111111111,-7.935,1820.8240332681871
298,Oslo - Frankfurt,538045,Oslo,Q585,59.911111111111,10.752777777778,Frankfurt,Q1794,50.113611111111,8.6797222222222,1097.2838476385414
299,Venice - Naples,536414,Venice,Q641,45.439722222222,12.331944444444,Naples,Q2634,40.833333333333,14.25,535.2855715460839
300,Mallorca - Ibiza,534595,Mallorca,Q8828,39.616666666667,2.9833333333333,Ibiza,Q52631,38.98,1.43,151.25041274688735
301,Copenhagen - Reykjavík,533074,Copenhagen,Q1748,55.676111111111,12.568888888889,Reykjavík,Q1764,64.1475,-21.935,2106.478271191457
302,Munich - Vienna,530248,Munich,Q1726,48.1375,11.575,Vienna,Q1741,48.20833,16.373064,355.82651132444676
303,Oslo - Helsinki,528771,Oslo,Q585,59.911111111111,10.752777777778,Helsinki,Q1757,60.17556,24.93417,786.4502543087214
304,Birmingham - Belfast,527918,Birmingham,Q2256,52.48,-1.9025,Belfast,Q10686,54.596388888889,-5.93,355.16593605004124
305,Manchester - Faro,526454,Manchester,Q18125,53.466666666667,-2.2333333333333,Faro,Q159457,37.0161111111111,-7.935,1881.402148720722
306,Helsinki - Frankfurt,526318,Helsinki,Q1757,60.17556,24.93417,Frankfurt,Q1794,50.113611111111,8.6797222222222,1514.685158755146
307,Rome - Brindisi,525962,Rome,Q220,41.893055555556,12.482777777778,Brindisi,Q13496,40.638333333333,17.945833333333,477.34563855317174
308,Prague - Frankfurt,525429,Prague,Q1085,50.083333333333,14.416666666667,Frankfurt,Q1794,50.113611111111,8.6797222222222,409.119865920055
309,Copenhagen - Málaga,523585,Copenhagen,Q1748,55.676111111111,12.568888888889,Málaga,Q8851,36.716666666667,-4.4166666666667,2465.8105097108555
310,Athens - Munich,523020,Athens,Q1524,37.9841666666667,23.7280555555556,Munich,Q1726,48.1375,11.575,1496.1722223743334
311,Hamburg - Düsseldorf,521813,Hamburg,Q1055,53.55,10,Düsseldorf,Q1718,51.231144444444,6.7723805555556,338.2434492228618
312,Warsaw - Frankfurt,521521,Warsaw,Q270,52.216666666667,21.033333333333,Frankfurt,Q1794,50.113611111111,8.6797222222222,891.3295156697048
313,Paris - Budapest,517200,Paris,Q90,48.856944444444,2.3513888888889,Budapest,Q1781,47.498333333333,19.040833333333,1244.1116351939665
314,Berlin - Stockholm,514927,Berlin,Q64,52.516666666667,13.383333333333,Stockholm,Q1754,59.329444444444,18.068611111111,811.3548936362837
315,"Madrid - San Bartolomé, Las Palmas",514886,Madrid,Q2807,40.418888888889,-3.6919444444444,"San Bartolomé, Las Palmas",Q962773,29.0016342148498,-13.6139314665816,1557.8683982041805
316,Venice - Barcelona,514027,Venice,Q641,45.439722222222,12.331944444444,Barcelona,Q1492,41.3825,2.1769444444444,935.1646717603692
317,Zürich - Copenhagen,513250,Zürich,Q72,47.378611111111,8.54,Copenhagen,Q1748,55.676111111111,12.568888888889,963.4040754703564
318,Munich - Copenhagen,512292,Munich,Q1726,48.1375,11.575,Copenhagen,Q1748,55.676111111111,12.568888888889,841.0013983812125
319,Warsaw - Amsterdam,512125,Warsaw,Q270,52.216666666667,21.033333333333,Amsterdam,Q727,52.383333333333,4.9,1094.927787167971
320,Paris - Oslo,512008,Paris,Q90,48.856944444444,2.3513888888889,Oslo,Q585,59.911111111111,10.752777777778,1341.7054774431988
321,Berlin - Brussels,511873,Berlin,Q64,52.516666666667,13.383333333333,Brussels,Q239,50.8466666666667,4.35166666666667,649.2782118889048
322,Stockholm - Málaga,511000,Stockholm,Q1754,59.329444444444,18.068611111111,Málaga,Q8851,36.716666666667,-4.4166666666667,2987.7434470134385
323,Barcelona - Gran Canaria,510605,Barcelona,Q1492,41.3825,2.1769444444444,Gran Canaria,Q178925,27.958611111111,-15.5925,2198.265201386756
324,Frankfurt - Manchester,510096,Frankfurt,Q1794,50.113611111111,8.6797222222222,Manchester,Q18125,53.466666666667,-2.2333333333333,836.9023787738932
325,Oslo - Kristiansand,510077,Oslo,Q585,59.911111111111,10.752777777778,Kristiansand,Q2415,58.14672222,7.99561111,251.71491236083068
326,London - Bordeaux,509767,London,Q84,51.507222222222,-0.1275,Bordeaux,Q1479,44.837777777778,-0.57944444444444,742.3623636063969
327,Barcelona - Manchester,505218,Barcelona,Q1492,41.3825,2.1769444444444,Manchester,Q18125,53.466666666667,-2.2333333333333,1383.3721911936818
328,Milan - Munich,502803,Milan,Q490,45.466944444444,9.19,Munich,Q1726,48.1375,11.575,348.00419494979747
329,Lisbon - Munich,500678,Lisbon,Q597,38.708042,-9.139016,Munich,Q1726,48.1375,11.575,1964.724285737803
330,Dublin - Glasgow,500473,Dublin,Q1761,53.3497222222222,-6.26027777777778,Glasgow,Q4093,55.8611111111111,-4.25,307.7757378874495
331,Basel - Hamburg,500132,Basel,Q78,47.560555555556,7.5905555555556,Hamburg,Q1055,53.55,10,687.2989713142813
332,Amsterdam - Athens,500092,Amsterdam,Q727,52.383333333333,4.9,Athens,Q1524,37.9841666666667,23.7280555555556,2164.4266479932553
333,Basel - Budapest,500026,Basel,Q78,47.560555555556,7.5905555555556,Budapest,Q1781,47.498333333333,19.040833333333,858.9370219042394
334,Zürich - Athens,497204,Zürich,Q72,47.378611111111,8.54,Athens,Q1524,37.9841666666667,23.7280555555556,1617.455497522668
335,London - Luxembourg,495204,London,Q84,51.507222222222,-0.1275,Luxembourg,Q1842,49.610555555556,6.1327777777778,489.7271584801231
336,Milan - Bucharest,494156,Milan,Q490,45.466944444444,9.19,Bucharest,Q19660,44.4,26.083333333333,1332.6131748312648
337,"Manchester - San Bartolomé, Las Palmas",493109,Manchester,Q18125,53.466666666667,-2.2333333333333,"San Bartolomé, Las Palmas",Q962773,29.0016342148498,-13.6139314665816,2873.828045200585
338,Paris - Helsinki,491495,Paris,Q90,48.856944444444,2.3513888888889,Helsinki,Q1757,60.17556,24.93417,1908.6099561735741
339,Belfast - Liverpool,490225,Belfast,Q10686,54.596388888889,-5.93,Liverpool,Q24826,53.4075,-2.99194444444444,233.09572228437395
340,Athens - Mykonos,489664,Athens,Q1524,37.9841666666667,23.7280555555556,Mykonos,Q190210,37.45,25.333333333333,153.1813954465379
341,Barcelona - Granada,489536,Barcelona,Q1492,41.3825,2.1769444444444,Granada,Q8810,37.178055555556,-3.6008333333333,682.2464931882871
342,Brussels - Prague,489047,Brussels,Q239,50.8466666666667,4.35166666666667,Prague,Q1085,50.083333333333,14.416666666667,716.8812892161814
343,Rome - Turin,488756,Rome,Q220,41.893055555556,12.482777777778,Turin,Q495,45.066666666667,7.7,522.7495525459175
344,Zürich - Lisbon,488137,Zürich,Q72,47.378611111111,8.54,Lisbon,Q597,38.708042,-9.139016,1723.8654679044973
345,Madrid - Seville,486438,Madrid,Q2807,40.418888888889,-3.6919444444444,Seville,Q8717,37.383333333333,-5.9833333333333,391.43426522056205
346,Milan - Tirana,486087,Milan,Q490,45.466944444444,9.19,Tirana,Q19689,41.33,19.82,973.1525743983171
347,Lisbon - Dublin,486004,Lisbon,Q597,38.708042,-9.139016,Dublin,Q1761,53.3497222222222,-6.26027777777778,1642.8334967524434
348,Düsseldorf - Madrid,485990,Düsseldorf,Q1718,51.231144444444,6.7723805555556,Madrid,Q2807,40.418888888889,-3.6919444444444,1447.0009819825048
349,Belfast - Edinburgh,481863,Belfast,Q10686,54.596388888889,-5.93,Edinburgh,Q23436,55.95,-3.1988888888889,229.28044590449346
350,Amsterdam - Bucharest,481393,Amsterdam,Q727,52.383333333333,4.9,Bucharest,Q19660,44.4,26.083333333333,1788.8197166543937
351,Vienna - Mallorca,479876,Vienna,Q1741,48.20833,16.373064,Mallorca,Q8828,39.616666666667,2.9833333333333,1432.6367250949854
352,Paris - Pau,478837,Paris,Q90,48.856944444444,2.3513888888889,Pau,Q132671,43.300833333333,-0.37,652.3822031448775
353,Amsterdam - Nice,478701,Amsterdam,Q727,52.383333333333,4.9,Nice,Q33959,43.701944444444,7.2683333333333,981.1093626291431
354,Amsterdam - Hamburg,476368,Amsterdam,Q727,52.383333333333,4.9,Hamburg,Q1055,53.55,10,365.2548622898192
355,Zürich - Mallorca,474839,Zürich,Q72,47.378611111111,8.54,Mallorca,Q8828,39.616666666667,2.9833333333333,971.9061943437897
356,Oslo - Haugesund,473083,Oslo,Q585,59.911111111111,10.752777777778,Haugesund,Q109036,59.41015,5.27551,312.54868040264955
357,Brussels - Porto,470312,Brussels,Q239,50.8466666666667,4.35166666666667,Porto,Q36433,41.149472222222,-8.6107777777778,1467.2918137281158
358,Brussels - Vienna,470116,Brussels,Q239,50.8466666666667,4.35166666666667,Vienna,Q1741,48.20833,16.373064,914.6525311283099
359,Frankfurt - Kraków,470061,Frankfurt,Q1794,50.113611111111,8.6797222222222,Kraków,Q31487,50.061388888889,19.937222222222,802.4223816808498
360,Milan - Prague,467223,Milan,Q490,45.466944444444,9.19,Prague,Q1085,50.083333333333,14.416666666667,644.675499676471
361,London - Stuttgart,465994,London,Q84,51.507222222222,-0.1275,Stuttgart,Q1022,48.776111111111,9.1775,728.6501049359828
362,Paris - Hamburg,464693,Paris,Q90,48.856944444444,2.3513888888889,Hamburg,Q1055,53.55,10,745.0704008976279
363,Paris - Düsseldorf,464583,Paris,Q90,48.856944444444,2.3513888888889,Düsseldorf,Q1718,51.231144444444,6.7723805555556,411.40970106582887
364,Cologne - Hamburg,463643,Cologne,Q365,50.942222222222,6.9577777777778,Hamburg,Q1055,53.55,10,356.2743455215746
365,Paris - Bastia,463618,Paris,Q90,48.856944444444,2.3513888888889,Bastia,Q134698,42.7,9.4494444444444,877.6686241613595
366,London - Gran Canaria,462903,London,Q84,51.507222222222,-0.1275,Gran Canaria,Q178925,27.958611111111,-15.5925,2919.6866174142583
367,London - Tyne and Wear,460619,London,Q84,51.507222222222,-0.1275,Tyne and Wear,Q23080,54.974,-1.6132,397.9406301818105
368,Rome - Dublin,459920,Rome,Q220,41.893055555556,12.482777777778,Dublin,Q1761,53.3497222222222,-6.26027777777778,1885.8185404186772
369,Amsterdam - Bristol,457789,Amsterdam,Q727,52.383333333333,4.9,Bristol,Q23154,51.45,-2.5833333333333,523.384371070758
370,Sofia - Frankfurt,456935,Sofia,Q472,42.697886,23.321726,Frankfurt,Q1794,50.113611111111,8.6797222222222,1388.9340707282404
371,Vienna - Copenhagen,456390,Vienna,Q1741,48.20833,16.373064,Copenhagen,Q1748,55.676111111111,12.568888888889,870.0267572581466
372,Amsterdam - Budapest,454528,Amsterdam,Q727,52.383333333333,4.9,Budapest,Q1781,47.498333333333,19.040833333333,1145.7796327805743
373,Basel - Paris,453474,Basel,Q78,47.560555555556,7.5905555555556,Paris,Q90,48.856944444444,2.3513888888889,414.02594700626884
374,Frankfurt - Porto,451735,Frankfurt,Q1794,50.113611111111,8.6797222222222,Porto,Q36433,41.149472222222,-8.6107777777778,1666.9584326538766
375,Rome - Budapest,451506,Rome,Q220,41.893055555556,12.482777777778,Budapest,Q1781,47.498333333333,19.040833333333,810.059055327729
376,Brussels - Bucharest,450589,Brussels,Q239,50.8466666666667,4.35166666666667,Bucharest,Q19660,44.4,26.083333333333,1770.9353053140721
377,Barcelona - Alicante,449098,Barcelona,Q1492,41.3825,2.1769444444444,Alicante,Q11959,38.345277777778,-0.48305555555556,406.89007631390234
378,Oslo - Munich,447170,Oslo,Q585,59.911111111111,10.752777777778,Munich,Q1726,48.1375,11.575,1310.2430739899196
379,Rome - Venice,447001,Rome,Q220,41.893055555556,12.482777777778,Venice,Q641,45.439722222222,12.331944444444,394.55831032295447
380,Milan - Athens,445927,Milan,Q490,45.466944444444,9.19,Athens,Q1524,37.9841666666667,23.7280555555556,1462.0124896913085
381,Paris - Seville,445782,Paris,Q90,48.856944444444,2.3513888888889,Seville,Q8717,37.383333333333,-5.9833333333333,1442.0011954251497
382,Bucharest - Timiș County,444837,Bucharest,Q19660,44.4,26.083333333333,Timiș County,Q185586,45.78,21.35,401.93720300451554
383,Barcelona - Copenhagen,444522,Barcelona,Q1492,41.3825,2.1769444444444,Copenhagen,Q1748,55.676111111111,12.568888888889,1759.561244273041
384,Milan - Budapest,444332,Milan,Q490,45.466944444444,9.19,Budapest,Q1781,47.498333333333,19.040833333333,786.704741249996
385,London - Katowice,442478,London,Q84,51.507222222222,-0.1275,Katowice,Q588,50.25,19,1345.3600675190473
386,Prague - Barcelona,440413,Prague,Q1085,50.083333333333,14.416666666667,Barcelona,Q1492,41.3825,2.1769444444444,1352.597904186388
387,Amsterdam - Glasgow,439872,Amsterdam,Q727,52.383333333333,4.9,Glasgow,Q4093,55.8611111111111,-4.25,709.8311507713807
388,Brussels - Munich,438121,Brussels,Q239,50.8466666666667,4.35166666666667,Munich,Q1726,48.1375,11.575,602.0580977987861
389,Brussels - Dublin,437766,Brussels,Q239,50.8466666666667,4.35166666666667,Dublin,Q1761,53.3497222222222,-6.26027777777778,775.5577000009721
390,Amsterdam - Alicante,437054,Amsterdam,Q727,52.383333333333,4.9,Alicante,Q11959,38.345277777778,-0.48305555555556,1615.4821355191157
391,Glasgow - Belfast,436130,Glasgow,Q4093,55.8611111111111,-4.25,Belfast,Q10686,54.596388888889,-5.93,176.41783991028632
392,Milan - Dublin,433810,Milan,Q490,45.466944444444,9.19,Dublin,Q1761,53.3497222222222,-6.26027777777778,1415.4364725104924
393,Geneva - Frankfurt,433455,Geneva,Q71,46.2,6.15,Frankfurt,Q1794,50.113611111111,8.6797222222222,473.836150491346
394,Copenhagen - Bergen,432682,Copenhagen,Q1748,55.676111111111,12.568888888889,Bergen,Q26793,60.3925,5.3233333333333,675.2013114244697
395,Rome - Warsaw,431599,Rome,Q220,41.893055555556,12.482777777778,Warsaw,Q270,52.216666666667,21.033333333333,1316.0012460643172
396,Stockholm - Östersund,429363,Stockholm,Q1754,59.329444444444,18.068611111111,Östersund,Q26515,63.179175,14.6360063888889,465.61079647488447
397,London - Vilnius,428149,London,Q84,51.507222222222,-0.1275,Vilnius,Q216,54.683333333333,25.283333333333,1722.979376673581
398,Lyon - Toulouse,428130,Lyon,Q456,45.758888888889,4.8413888888889,Toulouse,Q7880,43.604444444444,1.4438888888889,359.86202404072816
399,Madrid - Bucharest,427615,Madrid,Q2807,40.418888888889,-3.6919444444444,Bucharest,Q19660,44.4,26.083333333333,2470.1393031219927
400,Brussels - Manchester,426963,Brussels,Q239,50.8466666666667,4.35166666666667,Manchester,Q18125,53.466666666667,-2.2333333333333,535.0925883958561
401,Bordeaux - Marseille,426631,Bordeaux,Q1479,44.837777777778,-0.57944444444444,Marseille,Q23482,43.296666666667,5.3763888888889,505.6161743068442
402,Barcelona - Santiago de Compostela,423952,Barcelona,Q1492,41.3825,2.1769444444444,Santiago de Compostela,Q14314,42.883333333333,-8.5333333333333,898.156321914657
403,London - Corfu,423407,London,Q84,51.507222222222,-0.1275,Corfu,Q121378,39.623888888889,19.82,2027.1197127525459
404,Rome - Lamezia Terme,422636,Rome,Q220,41.893055555556,12.482777777778,Lamezia Terme,Q53643,38.966666666667,16.3,458.4628111300411
405,Dublin - Bristol,422165,Dublin,Q1761,53.3497222222222,-6.26027777777778,Bristol,Q23154,51.45,-2.5833333333333,326.8125111214202
406,Zürich - Belgrade,421683,Zürich,Q72,47.378611111111,8.54,Belgrade,Q3711,44.816666666667,20.466666666667,961.5977208413588
407,Stockholm - Alicante,421275,Stockholm,Q1754,59.329444444444,18.068611111111,Alicante,Q11959,38.345277777778,-0.48305555555556,2678.91693715274
408,Helsinki - Málaga,418909,Helsinki,Q1757,60.17556,24.93417,Málaga,Q8851,36.716666666667,-4.4166666666667,3334.006429765336
409,Rome - Prague,418577,Rome,Q220,41.893055555556,12.482777777778,Prague,Q1085,50.083333333333,14.416666666667,922.8058575741717
410,Birmingham - Mallorca,418239,Birmingham,Q2256,52.48,-1.9025,Mallorca,Q8828,39.616666666667,2.9833333333333,1478.3339882060518
411,Berlin - Oslo,418033,Berlin,Q64,52.516666666667,13.383333333333,Oslo,Q585,59.911111111111,10.752777777778,837.9902114128862
412,Warsaw - Milan,417947,Warsaw,Q270,52.216666666667,21.033333333333,Milan,Q490,45.466944444444,9.19,1143.987362721135
413,Venice - Amsterdam,414206,Venice,Q641,45.439722222222,12.331944444444,Amsterdam,Q727,52.383333333333,4.9,942.9191369586356
414,Munich - Bremen,413036,Munich,Q1726,48.1375,11.575,Bremen,Q24879,53.076944444444,8.8088888888889,582.7833746166052
415,Berlin - Budapest,412899,Berlin,Q64,52.516666666667,13.383333333333,Budapest,Q1781,47.498333333333,19.040833333333,688.6325081750547
416,Bucharest - Cluj-Napoca,409847,Bucharest,Q19660,44.4,26.083333333333,Cluj-Napoca,Q100188,46.78,23.559444444444,329.5149893084412
417,Amsterdam - Billund,409378,Amsterdam,Q727,52.383333333333,4.9,Billund,Q1701099,55.730833333333,9.1152777777778,462.6881865462086
418,Brussels - Tenerife,408581,Brussels,Q239,50.8466666666667,4.35166666666667,Tenerife,Q40846,28.268611111111,-16.605555555556,3063.9372240538046
419,Birmingham - Alicante,407960,Birmingham,Q2256,52.48,-1.9025,Alicante,Q11959,38.345277777778,-0.48305555555556,1575.5313083126134
420,Barcelona - Naples,407895,Barcelona,Q1492,41.3825,2.1769444444444,Naples,Q2634,40.833333333333,14.25,1012.5298005781684
421,Zürich - Rome,406196,Zürich,Q72,47.378611111111,8.54,Rome,Q220,41.893055555556,12.482777777778,684.890749539509
422,Paris - Bologna,404979,Paris,Q90,48.856944444444,2.3513888888889,Bologna,Q1891,44.493888888889,11.342777777778,839.3154188825514
423,Rome - Copenhagen,404667,Rome,Q220,41.893055555556,12.482777777778,Copenhagen,Q1748,55.676111111111,12.568888888889,1532.6209336936688
424,London - Seville,404506,London,Q84,51.507222222222,-0.1275,Seville,Q8717,37.383333333333,-5.9833333333333,1636.5291830760232
425,Brussels - Venice,404115,Brussels,Q239,50.8466666666667,4.35166666666667,Venice,Q641,45.439722222222,12.331944444444,842.9263762389346
426,Paris - Birmingham,403257,Paris,Q90,48.856944444444,2.3513888888889,Birmingham,Q2256,52.48,-1.9025,501.987359704317
427,Frankfurt - Gothenburg,403080,Frankfurt,Q1794,50.113611111111,8.6797222222222,Gothenburg,Q25287,57.671706102705,11.980966694056,867.5520591508804
428,Alicante - Nottingham,402723,Alicante,Q11959,38.345277777778,-0.48305555555556,Nottingham,Q41262,52.955,-1.1491666666667,1625.335852743931
429,"Dublin - San Bartolomé, Las Palmas",401275,Dublin,Q1761,53.3497222222222,-6.26027777777778,"San Bartolomé, Las Palmas",Q962773,29.0016342148498,-13.6139314665816,2772.999721046201
430,Bologna - Catania,400263,Bologna,Q1891,44.493888888889,11.342777777778,Catania,Q1903,37.502669444444,15.087269444444,838.2535340602127
431,Zürich - Stockholm,400208,Zürich,Q72,47.378611111111,8.54,Stockholm,Q1754,59.329444444444,18.068611111111,1468.303170824741
432,Bristol - Edinburgh,398464,Bristol,Q23154,51.45,-2.5833333333333,Edinburgh,Q23436,55.95,-3.1988888888889,502.0104893088857
433,"Tenerife - San Bartolomé, Las Palmas",394282,Tenerife,Q40846,28.268611111111,-16.605555555556,"San Bartolomé, Las Palmas",Q962773,29.0016342148498,-13.6139314665816,303.119822143492
434,Basel - Vienna,393590,Basel,Q78,47.560555555556,7.5905555555556,Vienna,Q1741,48.20833,16.373064,658.498406538812
435,Brussels - Athens,392989,Brussels,Q239,50.8466666666667,4.35166666666667,Athens,Q1524,37.9841666666667,23.7280555555556,2089.076651718296
436,Rome - Malta,392311,Rome,Q220,41.893055555556,12.482777777778,Malta,Q233,35.883333333333,14.5,690.6223531830046
437,Madeira - Porto,392246,Madeira,Q26253,32.75,-17,Porto,Q36433,41.149472222222,-8.6107777777778,1193.7458414188216
438,Brussels - Stockholm,390675,Brussels,Q239,50.8466666666667,4.35166666666667,Stockholm,Q1754,59.329444444444,18.068611111111,1280.353068725607
439,Milan - Porto,390317,Milan,Q490,45.466944444444,9.19,Porto,Q36433,41.149472222222,-8.6107777777778,1514.4469972102108
440,Barcelona - Bologna,390314,Barcelona,Q1492,41.3825,2.1769444444444,Bologna,Q1891,44.493888888889,11.342777777778,821.8151720025108
441,Warsaw - Kraków,386892,Warsaw,Q270,52.216666666667,21.033333333333,Kraków,Q31487,50.061388888889,19.937222222222,251.55371978707387
442,Warsaw - Vienna,386357,Warsaw,Q270,52.216666666667,21.033333333333,Vienna,Q1741,48.20833,16.373064,555.2931602393185
443,Mallorca - Mahon,386038,Mallorca,Q8828,39.616666666667,2.9833333333333,Mahon,Q49550,39.889444444444,4.2641666666667,113.61769119086091
444,Geneva - Nice,385855,Geneva,Q71,46.2,6.15,Nice,Q33959,43.701944444444,7.2683333333333,291.3710696004054
445,Fort-de-France - Pointe-à-Pitre,385656,Fort-de-France,Q81621,14.6,-61.0666666666667,Pointe-à-Pitre,Q335322,16.241111111111,-61.533055555556,189.20714198942247
446,Brussels - Nice,384362,Brussels,Q239,50.8466666666667,4.35166666666667,Nice,Q33959,43.701944444444,7.2683333333333,824.193553609163
447,Milan - Alghero,383632,Milan,Q490,45.466944444444,9.19,Alghero,Q166282,40.56,8.315,550.2363797092122
448,Frankfurt - Bucharest,383574,Frankfurt,Q1794,50.113611111111,8.6797222222222,Bucharest,Q19660,44.4,26.083333333333,1454.3567694298335
449,Frankfurt - Valencia,383396,Frankfurt,Q1794,50.113611111111,8.6797222222222,Valencia,Q8818,39.47,-0.376388888888889,1380.2414117150088
450,Basel - Porto,382612,Basel,Q78,47.560555555556,7.5905555555556,Porto,Q36433,41.149472222222,-8.6107777777778,1468.1047353342485
451,Athens - Madrid,381942,Athens,Q1524,37.9841666666667,23.7280555555556,Madrid,Q2807,40.418888888889,-3.6919444444444,2368.5968409789843
452,Lyon - Frankfurt,381555,Lyon,Q456,45.758888888889,4.8413888888889,Frankfurt,Q1794,50.113611111111,8.6797222222222,562.1683280202901
453,Barcelona - Budapest,380232,Barcelona,Q1492,41.3825,2.1769444444444,Budapest,Q1781,47.498333333333,19.040833333333,1497.3265570139852
454,Birmingham - Tenerife,379796,Birmingham,Q2256,52.48,-1.9025,Tenerife,Q40846,28.268611111111,-16.605555555556,2953.2409806401247
455,Dublin - Liverpool,379745,Dublin,Q1761,53.3497222222222,-6.26027777777778,Liverpool,Q24826,53.4075,-2.99194444444444,216.8667191490072
456,Warsaw - Munich,379674,Warsaw,Q270,52.216666666667,21.033333333333,Munich,Q1726,48.1375,11.575,811.0284117737041
457,Oslo - Alicante,379103,Oslo,Q585,59.911111111111,10.752777777778,Alicante,Q11959,38.345277777778,-0.48305555555556,2525.4236791338367
458,Düsseldorf - Frankfurt,378728,Düsseldorf,Q1718,51.231144444444,6.7723805555556,Frankfurt,Q1794,50.113611111111,8.6797222222222,183.04038385217103
459,London - Connacht,377938,London,Q84,51.507222222222,-0.1275,Connacht,Q164421,53.78,-9.05,652.3175784275478
460,Alicante - Tyne and Wear,377019,Alicante,Q11959,38.345277777778,-0.48305555555556,Tyne and Wear,Q23080,54.974,-1.6132,1850.9809016587315
461,Stockholm - Ängelholm,376208,Stockholm,Q1754,59.329444444444,18.068611111111,Ängelholm,Q54755,56.24,12.86,461.6279123282741
462,London - Cluj-Napoca,375754,London,Q84,51.507222222222,-0.1275,Cluj-Napoca,Q100188,46.78,23.559444444444,1792.2854615064928
463,Düsseldorf - Gran Canaria,375735,Düsseldorf,Q1718,51.231144444444,6.7723805555556,Gran Canaria,Q178925,27.958611111111,-15.5925,3192.818035551392
464,Stockholm - Visby,375262,Stockholm,Q1754,59.329444444444,18.068611111111,Visby,Q54757,57.628997457133,18.307108945039,189.58868845875315
465,Berlin - Lisbon,375135,Berlin,Q64,52.516666666667,13.383333333333,Lisbon,Q597,38.708042,-9.139016,2311.870761882407
466,London - Wrocław,375130,London,Q84,51.507222222222,-0.1275,Wrocław,Q1799,51.11,17.0325,1190.8888616985078
467,Amsterdam - Valencia,374599,Amsterdam,Q727,52.383333333333,4.9,Valencia,Q8818,39.47,-0.376388888888889,1491.7513840509855
468,Zürich - Munich,373754,Zürich,Q72,47.378611111111,8.54,Munich,Q1726,48.1375,11.575,242.03757721325505
469,Basel - Nice,372672,Basel,Q78,47.560555555556,7.5905555555556,Nice,Q33959,43.701944444444,7.2683333333333,429.7884137770067
470,Cologne - Vienna,372591,Cologne,Q365,50.942222222222,6.9577777777778,Vienna,Q1741,48.20833,16.373064,743.1315476281304
471,Trondheim - Bergen,372135,Trondheim,Q25804,63.44,10.4,Bergen,Q26793,60.3925,5.3233333333333,430.37586321729265
472,Birmingham - Málaga,370381,Birmingham,Q2256,52.48,-1.9025,Málaga,Q8851,36.716666666667,-4.4166666666667,1763.7929114745932
473,Zürich - Pristina,369126,Zürich,Q72,47.378611111111,8.54,Pristina,Q25270,42.666666666667,21.166666666667,1120.339156192724
474,Amsterdam - Bergen,367446,Amsterdam,Q727,52.383333333333,4.9,Bergen,Q26793,60.3925,5.3233333333333,890.9563928893857
475,Alicante - Bristol,367212,Alicante,Q11959,38.345277777778,-0.48305555555556,Bristol,Q23154,51.45,-2.5833333333333,1466.378665329374
476,London - Jersey,366952,London,Q84,51.507222222222,-0.1275,Jersey,Q785,49.19,-2.11,293.5347775922894
477,Berlin - Dublin,366912,Berlin,Q64,52.516666666667,13.383333333333,Dublin,Q1761,53.3497222222222,-6.26027777777778,1315.634960069993
478,Rome - Valencia,365697,Rome,Q220,41.893055555556,12.482777777778,Valencia,Q8818,39.47,-0.376388888888889,1116.117793724997
479,Paris - Toulon,365648,Paris,Q90,48.856944444444,2.3513888888889,Toulon,Q44160,43.125,5.9305555555556,694.5564191020774
480,Barcelona - Athens,365547,Barcelona,Q1492,41.3825,2.1769444444444,Athens,Q1524,37.9841666666667,23.7280555555556,1877.34266674167
481,Glasgow - Alicante,365496,Glasgow,Q4093,55.8611111111111,-4.25,Alicante,Q11959,38.345277777778,-0.48305555555556,1967.7042978649065
482,Milan - Valencia,365296,Milan,Q490,45.466944444444,9.19,Valencia,Q8818,39.47,-0.376388888888889,1028.460646792399
483,Mallorca - Bristol,364854,Mallorca,Q8828,39.616666666667,2.9833333333333,Bristol,Q23154,51.45,-2.5833333333333,1384.386497268852
484,Amsterdam - Gothenburg,364392,Amsterdam,Q727,52.383333333333,4.9,Gothenburg,Q25287,57.671706102705,11.980966694056,740.4487787877457
485,Milan - Ibiza,364317,Milan,Q490,45.466944444444,9.19,Ibiza,Q52631,38.98,1.43,962.7047277525838
486,Amsterdam - Tyne and Wear,363605,Amsterdam,Q727,52.383333333333,4.9,Tyne and Wear,Q23080,54.974,-1.6132,516.4001673926439
487,London - Verona,363283,London,Q84,51.507222222222,-0.1275,Verona,Q2028,45.4386111111111,10.9927777777778,1059.801802263365
488,Paris - Edinburgh,362902,Paris,Q90,48.856944444444,2.3513888888889,Edinburgh,Q23436,55.95,-3.1988888888889,873.3127466388304
489,Nantes - Marseille,362446,Nantes,Q12191,47.217222222222,-1.5538888888889,Marseille,Q23482,43.296666666667,5.3763888888889,695.458003175666
490,Basel - Lisbon,361418,Basel,Q78,47.560555555556,7.5905555555556,Lisbon,Q597,38.708042,-9.139016,1671.0307086794812
491,Berlin - Athens,360819,Berlin,Q64,52.516666666667,13.383333333333,Athens,Q1524,37.9841666666667,23.7280555555556,1803.2906887940528
492,Basel - Frankfurt,358390,Basel,Q78,47.560555555556,7.5905555555556,Frankfurt,Q1794,50.113611111111,8.6797222222222,294.85786097423596
493,Munich - Manchester,357341,Munich,Q1726,48.1375,11.575,Manchester,Q18125,53.466666666667,-2.2333333333333,1134.1599541722217
494,Madrid - Málaga,357258,Madrid,Q2807,40.418888888889,-3.6919444444444,Málaga,Q8851,36.716666666667,-4.4166666666667,416.4579881839062
495,London - Bilbao,356781,London,Q84,51.507222222222,-0.1275,Bilbao,Q8692,43.262222222222,-2.9533333333333,940.9731855417035
496,Malta - Frankfurt,356087,Malta,Q233,35.883333333333,14.5,Frankfurt,Q1794,50.113611111111,8.6797222222222,1650.325401849341
497,Basel - Munich,354036,Basel,Q78,47.560555555556,7.5905555555556,Munich,Q1726,48.1375,11.575,304.12980364572957
498,Hanover - Frankfurt,353752,Hanover,Q1715,52.374444444444,9.7386111111111,Frankfurt,Q1794,50.113611111111,8.6797222222222,261.96851394658097
499,Oslo - Molde,353380,Oslo,Q585,59.911111111111,10.752777777778,Molde,Q104095,62.733333,7.183333,366.9732854520739
500,Seville - Mallorca,352673,Seville,Q8717,37.383333333333,-5.9833333333333,Mallorca,Q8828,39.616666666667,2.9833333333333,818.4323772648914
501,Madrid - Fuerteventura,351510,Madrid,Q2807,40.418888888889,-3.6919444444444,Fuerteventura,Q192534,28.4325,-14.003056,1631.6244943976362
502,London - Mahon,351472,London,Q84,51.507222222222,-0.1275,Mahon,Q49550,39.889444444444,4.2641666666667,1335.4739257713882
503,Basel - Madrid,350610,Basel,Q78,47.560555555556,7.5905555555556,Madrid,Q2807,40.418888888889,-3.6919444444444,1200.021222856908
504,London - Turin,350345,London,Q84,51.507222222222,-0.1275,Turin,Q495,45.066666666667,7.7,919.9565118643377
505,Paris - Cayenne,350169,Paris,Q90,48.856944444444,2.3513888888889,Cayenne,Q44401,4.9386111111111,-52.335,7078.356391485349
506,London - Fuerteventura,349413,London,Q84,51.507222222222,-0.1275,Fuerteventura,Q192534,28.4325,-14.003056,2814.130760494302
507,Sofia - Vienna,347550,Sofia,Q472,42.697886,23.321726,Vienna,Q1741,48.20833,16.373064,817.3805251492355
508,Málaga - Bristol,346664,Málaga,Q8851,36.716666666667,-4.4166666666667,Bristol,Q23154,51.45,-2.5833333333333,1644.6682115019346
509,Munich - Bucharest,346612,Munich,Q1726,48.1375,11.575,Bucharest,Q19660,44.4,26.083333333333,1187.8713287451822
510,Stockholm - Mallorca,346541,Stockholm,Q1754,59.329444444444,18.068611111111,Mallorca,Q8828,39.616666666667,2.9833333333333,2434.864812014322
511,Milan - Manchester,345460,Milan,Q490,45.466944444444,9.19,Manchester,Q18125,53.466666666667,-2.2333333333333,1210.684404569873
512,Amsterdam - Stuttgart,344621,Amsterdam,Q727,52.383333333333,4.9,Stuttgart,Q1022,48.776111111111,9.1775,501.91564480991536
513,Berlin - Manchester,344013,Berlin,Q64,52.516666666667,13.383333333333,Manchester,Q18125,53.466666666667,-2.2333333333333,1048.4440307406355
514,Amsterdam - Porto,343726,Amsterdam,Q727,52.383333333333,4.9,Porto,Q36433,41.149472222222,-8.6107777777778,1613.008227934501
515,Prague - Copenhagen,342360,Prague,Q1085,50.083333333333,14.416666666667,Copenhagen,Q1748,55.676111111111,12.568888888889,634.0696817384306
516,Luxembourg - Porto,341931,Luxembourg,Q1842,49.610555555556,6.1327777777778,Porto,Q36433,41.149472222222,-8.6107777777778,1482.4356908360157
517,Paris - Mallorca,340339,Paris,Q90,48.856944444444,2.3513888888889,Mallorca,Q8828,39.616666666667,2.9833333333333,1028.696027015331
518,Catania - Verona,338382,Catania,Q1903,37.502669444444,15.087269444444,Verona,Q2028,45.4386111111111,10.9927777777778,945.7439789884302
519,Madrid - Valencia,338217,Madrid,Q2807,40.418888888889,-3.6919444444444,Valencia,Q8818,39.47,-0.376388888888889,301.67678146545256
520,Lyon - Lisbon,337973,Lyon,Q456,45.758888888889,4.8413888888889,Lisbon,Q597,38.708042,-9.139016,1389.5045537011783
521,Munich - Budapest,337752,Munich,Q1726,48.1375,11.575,Budapest,Q1781,47.498333333333,19.040833333333,561.7301338832433
522,Rome - Tirana,336983,Rome,Q220,41.893055555556,12.482777777778,Tirana,Q19689,41.33,19.82,613.0053491699675
523,Lisbon - Vienna,336254,Lisbon,Q597,38.708042,-9.139016,Vienna,Q1741,48.20833,16.373064,2299.32101109557
524,Barcelona - Düsseldorf,335749,Barcelona,Q1492,41.3825,2.1769444444444,Düsseldorf,Q1718,51.231144444444,6.7723805555556,1150.0171161970593
525,Helsinki - Riga,334121,Helsinki,Q1757,60.17556,24.93417,Riga,Q1773,56.9475,24.106944444444,362.1289627896553
526,Barcelona - Bucharest,333828,Barcelona,Q1492,41.3825,2.1769444444444,Bucharest,Q19660,44.4,26.083333333333,1968.9657764410429
527,London - Cavtat,333401,London,Q84,51.507222222222,-0.1275,Cavtat,Q221350,42.579444444444,18.220833333333,1700.633499278495
528,Barcelona - Helsinki,333389,Barcelona,Q1492,41.3825,2.1769444444444,Helsinki,Q1757,60.17556,24.93417,2603.83064527579
529,Dresden - Frankfurt,331928,Dresden,Q1731,51.05,13.74,Frankfurt,Q1794,50.113611111111,8.6797222222222,372.0623411231973
530,Warsaw - Stockholm,331675,Warsaw,Q270,52.216666666667,21.033333333333,Stockholm,Q1754,59.329444444444,18.068611111111,812.144817992556
531,Lisbon - Manchester,331548,Lisbon,Q597,38.708042,-9.139016,Manchester,Q18125,53.466666666667,-2.2333333333333,1723.3529508137967
532,Düsseldorf - Tenerife,330937,Düsseldorf,Q1718,51.231144444444,6.7723805555556,Tenerife,Q40846,28.268611111111,-16.605555555556,3213.2533587649286
533,Athens - Bucharest,330797,Athens,Q1524,37.9841666666667,23.7280555555556,Bucharest,Q19660,44.4,26.083333333333,740.037890307284
534,Manchester - Paphos District,330356,Manchester,Q18125,53.466666666667,-2.2333333333333,Paphos District,Q59133,34.77682,32.419736,3405.215796642217
535,Zagreb - Frankfurt,329783,Zagreb,Q1435,45.8130555555556,15.9772222222222,Frankfurt,Q1794,50.113611111111,8.6797222222222,723.2108103993635
536,Copenhagen - Manchester,328953,Copenhagen,Q1748,55.676111111111,12.568888888889,Manchester,Q18125,53.466666666667,-2.2333333333333,983.1457802292344
537,Rome - Genoa,328794,Rome,Q220,41.893055555556,12.482777777778,Genoa,Q1449,44.407186111111,8.9339833333333,401.21622519844556
538,Athens - Vienna,328716,Athens,Q1524,37.9841666666667,23.7280555555556,Vienna,Q1741,48.20833,16.373064,1282.754690408419
539,Alicante - Leeds,328608,Alicante,Q11959,38.345277777778,-0.48305555555556,Leeds,Q39121,53.799722222222,-1.5491666666667,1720.3745893364774
540,Tenerife - Nottingham,328316,Tenerife,Q40846,28.268611111111,-16.605555555556,Nottingham,Q41262,52.955,-1.1491666666667,3024.4872439617166
541,Glasgow - Tenerife,327526,Glasgow,Q4093,55.8611111111111,-4.25,Tenerife,Q40846,28.268611111111,-16.605555555556,3222.074811777501
542,Valencia - Ibiza,327134,Valencia,Q8818,39.47,-0.376388888888889,Ibiza,Q52631,38.98,1.43,164.86104100865228
543,Düsseldorf - Copenhagen,326474,Düsseldorf,Q1718,51.231144444444,6.7723805555556,Copenhagen,Q1748,55.676111111111,12.568888888889,625.3333370307414
544,Geneva - Rome,326189,Geneva,Q71,46.2,6.15,Rome,Q220,41.893055555556,12.482777777778,696.384251815317
545,Oslo - Málaga,325380,Oslo,Q585,59.911111111111,10.752777777778,Málaga,Q8851,36.716666666667,-4.4166666666667,2796.971729958927
546,Paris - Heraklion,325063,Paris,Q90,48.856944444444,2.3513888888889,Heraklion,Q160544,35.3402777777778,25.1344444444444,2390.527963055906
547,Barcelona - Stockholm,324698,Barcelona,Q1492,41.3825,2.1769444444444,Stockholm,Q1754,59.329444444444,18.068611111111,2278.728859548003
548,Munich - Bilbao,323942,Munich,Q1726,48.1375,11.575,Bilbao,Q8692,43.262222222222,-2.9533333333333,1249.0812909644014
549,Athens - Corfu,323656,Athens,Q1524,37.9841666666667,23.7280555555556,Corfu,Q121378,39.623888888889,19.82,384.55875506399894
550,Lyon - Amsterdam,323316,Lyon,Q456,45.758888888889,4.8413888888889,Amsterdam,Q727,52.383333333333,4.9,736.6180752975712
551,Glasgow - Bristol,323304,Glasgow,Q4093,55.8611111111111,-4.25,Bristol,Q23154,51.45,-2.5833333333333,502.60080006908765
552,Barcelona - A Coruña,323189,Barcelona,Q1492,41.3825,2.1769444444444,A Coruña,Q8757,43.366666666667,-8.3833333333333009,894.4118510711409
553,Zürich - Brussels,322993,Zürich,Q72,47.378611111111,8.54,Brussels,Q239,50.8466666666667,4.35166666666667,491.40493742619435
554,Mallorca - Tyne and Wear,322806,Mallorca,Q8828,39.616666666667,2.9833333333333,Tyne and Wear,Q23080,54.974,-1.6132,1741.540461700052
555,Mallorca - Nottingham,322141,Mallorca,Q8828,39.616666666667,2.9833333333333,Nottingham,Q41262,52.955,-1.1491666666667,1516.1184141523445
556,Stuttgart - Frankfurt,321339,Stuttgart,Q1022,48.776111111111,9.1775,Frankfurt,Q1794,50.113611111111,8.6797222222222,153.0146272742693
557,Amsterdam - Aberdeen,320052,Amsterdam,Q727,52.383333333333,4.9,Aberdeen,Q36405,57.15,-2.1,693.9669823074731
558,Düsseldorf - Manchester,319626,Düsseldorf,Q1718,51.231144444444,6.7723805555556,Manchester,Q18125,53.466666666667,-2.2333333333333,659.6972190417488
559,Rome - Alghero,318214,Rome,Q220,41.893055555556,12.482777777778,Alghero,Q166282,40.56,8.315,378.70993777780797
560,Berlin - Venice,317869,Berlin,Q64,52.516666666667,13.383333333333,Venice,Q641,45.439722222222,12.331944444444,790.6302476664844
561,London - Split,317539,London,Q84,51.507222222222,-0.1275,Split,Q1663,43.51,16.45,1524.37578284515
562,Frankfurt - Birmingham,317095,Frankfurt,Q1794,50.113611111111,8.6797222222222,Birmingham,Q2256,52.48,-1.9025,780.5251126199863
563,Prague - Madrid,316697,Prague,Q1085,50.083333333333,14.416666666667,Madrid,Q2807,40.418888888889,-3.6919444444444,1771.0321834460692
564,Copenhagen - Mallorca,316460,Copenhagen,Q1748,55.676111111111,12.568888888889,Mallorca,Q8828,39.616666666667,2.9833333333333,1920.4628568629253
565,London - Eindhoven,316396,London,Q84,51.507222222222,-0.1275,Eindhoven,Q9832,51.434444444444,5.4841666666667,388.680352072494
566,Toulouse - Nantes,316057,Toulouse,Q7880,43.604444444444,1.4438888888889,Nantes,Q12191,47.217222222222,-1.5538888888889,464.82414088759265
567,Zürich - Warsaw,315930,Zürich,Q72,47.378611111111,8.54,Warsaw,Q270,52.216666666667,21.033333333333,1043.6273233582
568,Copenhagen - Madrid,315611,Copenhagen,Q1748,55.676111111111,12.568888888889,Madrid,Q2807,40.418888888889,-3.6919444444444,2071.962942270088
569,Oslo - Gran Canaria,315390,Oslo,Q585,59.911111111111,10.752777777778,Gran Canaria,Q178925,27.958611111111,-15.5925,4073.205657299945
570,Oslo - Reykjavík,315206,Oslo,Q585,59.911111111111,10.752777777778,Reykjavík,Q1764,64.1475,-21.935,1746.861878267261
571,Lisbon - Luxembourg,315033,Lisbon,Q597,38.708042,-9.139016,Luxembourg,Q1842,49.610555555556,6.1327777777778,1712.422932023077
572,London - Kaunas,314721,London,Q84,51.507222222222,-0.1275,Kaunas,Q4115712,54.9,23.933333333333,1637.493508487588
573,London - Thessaloniki,314469,London,Q84,51.507222222222,-0.1275,Thessaloniki,Q17151,40.6402777777778,22.9355555555556,2136.05882054188
574,London - Poznań,314161,London,Q84,51.507222222222,-0.1275,Poznań,Q268,52.4083333333333,16.9336111111111,1170.6190115046043
575,Bologna - Madrid,313533,Bologna,Q1891,44.493888888889,11.342777777778,Madrid,Q2807,40.418888888889,-3.6919444444444,1311.6507206823549
576,Warsaw - Budapest,313512,Warsaw,Q270,52.216666666667,21.033333333333,Budapest,Q1781,47.498333333333,19.040833333333,543.6947432574756
577,Frankfurt - Nice,313274,Frankfurt,Q1794,50.113611111111,8.6797222222222,Nice,Q33959,43.701944444444,7.2683333333333,720.9257434200736
578,Paris - Bilbao,312966,Paris,Q90,48.856944444444,2.3513888888889,Bilbao,Q8692,43.262222222222,-2.9533333333333,744.2606650609567
579,Lille - Nice,312722,Lille,Q648,50.631944444444,3.0575,Nice,Q33959,43.701944444444,7.2683333333333,833.3967873265984
580,Prague - Helsinki,311704,Prague,Q1085,50.083333333333,14.416666666667,Helsinki,Q1757,60.17556,24.93417,1302.7887546276081
581,Madrid - Mahon,311628,Madrid,Q2807,40.418888888889,-3.6919444444444,Mahon,Q49550,39.889444444444,4.2641666666667,678.4973087524035
582,Frankfurt - Bologna,311363,Frankfurt,Q1794,50.113611111111,8.6797222222222,Bologna,Q1891,44.493888888889,11.342777777778,656.2415661904522
583,Belgrade - Podgorica,310334,Belgrade,Q3711,44.816666666667,20.466666666667,Podgorica,Q23564,42.439722222222,19.266111111111,281.40514354619125
584,Cologne - Milan,310155,Cologne,Q365,50.942222222222,6.9577777777778,Milan,Q490,45.466944444444,9.19,630.8183100086508
585,Rome - Olbia,309631,Rome,Q220,41.893055555556,12.482777777778,Olbia,Q13630,40.916666666667,9.5,271.40973514896916
586,Vienna - Larnaca,309147,Vienna,Q1741,48.20833,16.373064,Larnaca,Q171882,34.916666666667,33.633333333333,2051.481661759613
587,London - Bratislava,309081,London,Q84,51.507222222222,-0.1275,Bratislava,Q1780,48.144722222222,17.112777777778,1288.484212190503
588,Rome - Naples,308684,Rome,Q220,41.893055555556,12.482777777778,Naples,Q2634,40.833333333333,14.25,188.77062139864583
589,Bristol - Faro,308070,Bristol,Q23154,51.45,-2.5833333333333,Faro,Q159457,37.0161111111111,-7.935,1659.5112384577528
590,Barcelona - Nice,307753,Barcelona,Q1492,41.3825,2.1769444444444,Nice,Q33959,43.701944444444,7.2683333333333,490.27502855467003
591,Frankfurt - Málaga,307686,Frankfurt,Q1794,50.113611111111,8.6797222222222,Málaga,Q8851,36.716666666667,-4.4166666666667,1821.2473245802398
592,Brussels - Marseille,307249,Brussels,Q239,50.8466666666667,4.35166666666667,Marseille,Q23482,43.296666666667,5.3763888888889,843.0791326882419
593,Munich - Naples,306050,Munich,Q1726,48.1375,11.575,Naples,Q2634,40.833333333333,14.25,839.3084957635826
594,Madrid - Jerez de la Frontera,304260,Madrid,Q2807,40.418888888889,-3.6919444444444,Jerez de la Frontera,Q12303,36.7,-6.1166666666667,464.114367384873
595,Warsaw - Barcelona,304193,Warsaw,Q270,52.216666666667,21.033333333333,Barcelona,Q1492,41.3825,2.1769444444444,1864.006299651037
596,Rome - Nice,304162,Rome,Q220,41.893055555556,12.482777777778,Nice,Q33959,43.701944444444,7.2683333333333,470.4811741658391
597,Brussels - Toulouse,304103,Brussels,Q239,50.8466666666667,4.35166666666667,Toulouse,Q7880,43.604444444444,1.4438888888889,834.5220706052703
598,Glasgow - Málaga,303335,Glasgow,Q4093,55.8611111111111,-4.25,Málaga,Q8851,36.716666666667,-4.4166666666667,2128.8054108577817
599,Frankfurt - Bremen,303113,Frankfurt,Q1794,50.113611111111,8.6797222222222,Bremen,Q24879,53.076944444444,8.8088888888889,329.62876923545883
600,Lyon - Barcelona,302512,Lyon,Q456,45.758888888889,4.8413888888889,Barcelona,Q1492,41.3825,2.1769444444444,531.7914823093432
601,Málaga - Nottingham,301557,Málaga,Q8851,36.716666666667,-4.4166666666667,Nottingham,Q41262,52.955,-1.1491666666667,1823.4244949876427
602,Turin - Catania,300866,Turin,Q495,45.066666666667,7.7,Catania,Q1903,37.502669444444,15.087269444444,1042.282439698926
603,Porto - Ponta Delgada,299927,Porto,Q36433,41.149472222222,-8.6107777777778,Ponta Delgada,Q208149,37.74,-25.67,1510.3633237541044
604,Warsaw - Copenhagen,299890,Warsaw,Q270,52.216666666667,21.033333333333,Copenhagen,Q1748,55.676111111111,12.568888888889,673.6733849971228
605,London - Billund,299862,London,Q84,51.507222222222,-0.1275,Billund,Q1701099,55.730833333333,9.1152777777778,768.4875356322918
606,Madrid - Alicante,299447,Madrid,Q2807,40.418888888889,-3.6919444444444,Alicante,Q11959,38.345277777778,-0.48305555555556,359.43446862042134
607,Budapest - Madrid,299359,Budapest,Q1781,47.498333333333,19.040833333333,Madrid,Q2807,40.418888888889,-3.6919444444444,1973.2219935558433
608,Amsterdam - Bordeaux,299338,Amsterdam,Q727,52.383333333333,4.9,Bordeaux,Q1479,44.837777777778,-0.57944444444444,930.076287646593
609,Malta - Catania,299195,Malta,Q233,35.883333333333,14.5,Catania,Q1903,37.502669444444,15.087269444444,187.5198267317006
610,Bilbao - Seville,298960,Bilbao,Q8692,43.262222222222,-2.9533333333333,Seville,Q8717,37.383333333333,-5.9833333333333,702.2267099276698
611,Dublin - Leeds,298836,Dublin,Q1761,53.3497222222222,-6.26027777777778,Leeds,Q39121,53.799722222222,-1.5491666666667,314.9878052770974
612,Mallorca - Alicante,298183,Mallorca,Q8828,39.616666666667,2.9833333333333,Alicante,Q11959,38.345277777778,-0.48305555555556,331.27215008666616
613,Amsterdam - Ibiza,297630,Amsterdam,Q727,52.383333333333,4.9,Ibiza,Q52631,38.98,1.43,1514.1086184976602
614,Tenerife - Fuerteventura,297591,Tenerife,Q40846,28.268611111111,-16.605555555556,Fuerteventura,Q192534,28.4325,-14.003056,255.3220497681049
615,Helsinki - Tallinn,297523,Helsinki,Q1757,60.17556,24.93417,Tallinn,Q1770,59.437222222222,24.745,82.7782130810192
616,Amsterdam - Marseille,297300,Amsterdam,Q727,52.383333333333,4.9,Marseille,Q23482,43.296666666667,5.3763888888889,1011.0120874289266
617,Madrid - Toulouse,297271,Madrid,Q2807,40.418888888889,-3.6919444444444,Toulouse,Q7880,43.604444444444,1.4438888888889,552.5414709632806
618,Vienna - Stockholm,297214,Vienna,Q1741,48.20833,16.373064,Stockholm,Q1754,59.329444444444,18.068611111111,1241.5200696952732
619,Amsterdam - Mallorca,296352,Amsterdam,Q727,52.383333333333,4.9,Mallorca,Q8828,39.616666666667,2.9833333333333,1427.155060706095
620,Budapest - Eindhoven,296165,Budapest,Q1781,47.498333333333,19.040833333333,Eindhoven,Q9832,51.434444444444,5.4841666666667,1070.8898457472865
621,Amsterdam - Stavanger,296019,Amsterdam,Q727,52.383333333333,4.9,Stavanger,Q25416,58.97,5.71,734.1493213167564
622,Düsseldorf - Heraklion,296017,Düsseldorf,Q1718,51.231144444444,6.7723805555556,Heraklion,Q160544,35.3402777777778,25.1344444444444,2295.715995101408
623,Málaga - Eindhoven,295665,Málaga,Q8851,36.716666666667,-4.4166666666667,Eindhoven,Q9832,51.434444444444,5.4841666666667,1813.8151482335786
624,Amsterdam - Gran Canaria,294794,Amsterdam,Q727,52.383333333333,4.9,Gran Canaria,Q178925,27.958611111111,-15.5925,3201.3472564435106
625,Copenhagen - Stavanger,294454,Copenhagen,Q1748,55.676111111111,12.568888888889,Stavanger,Q25416,58.97,5.71,550.6114943047568
626,Warsaw - Wrocław,294171,Warsaw,Q270,52.216666666667,21.033333333333,Wrocław,Q1799,51.11,17.0325,302.0867332172522
627,Rome - Málaga,294139,Rome,Q220,41.893055555556,12.482777777778,Málaga,Q8851,36.716666666667,-4.4166666666667,1560.4663097263422
628,Brussels - Oslo,293786,Brussels,Q239,50.8466666666667,4.35166666666667,Oslo,Q585,59.911111111111,10.752777777778,1084.8188860420341
629,Amsterdam - Reykjavík,292990,Amsterdam,Q727,52.383333333333,4.9,Reykjavík,Q1764,64.1475,-21.935,2016.3832000196226
630,London - Madeira,292338,London,Q84,51.507222222222,-0.1275,Madeira,Q26253,32.75,-17,2493.953351356176
631,Lisbon - Faro,291333,Lisbon,Q597,38.708042,-9.139016,Faro,Q159457,37.0161111111111,-7.935,215.78714176739032
632,Berlin - Riga,291102,Berlin,Q64,52.516666666667,13.383333333333,Riga,Q1773,56.9475,24.106944444444,845.1020919104163
633,Barcelona - Oviedo,290270,Barcelona,Q1492,41.3825,2.1769444444444,Oviedo,Q14317,43.3625,-5.8502777777778,694.8668422069138
634,Katowice - Dortmund,290000,Katowice,Q588,50.25,19,Dortmund,Q1295,51.513888888889,7.4652777777778,820.4333582282134
635,Tallinn - Riga,289702,Tallinn,Q1770,59.437222222222,24.745,Riga,Q1773,56.9475,24.106944444444,279.3555691674379
636,Hamburg - Barcelona,289010,Hamburg,Q1055,53.55,10,Barcelona,Q1492,41.3825,2.1769444444444,1473.1246336310157
637,Stockholm - Tallinn,288763,Stockholm,Q1754,59.329444444444,18.068611111111,Tallinn,Q1770,59.437222222222,24.745,378.11988811831026
638,Geneva - Vienna,288629,Geneva,Q71,46.2,6.15,Vienna,Q1741,48.20833,16.373064,803.2347729192553
639,Copenhagen - Nice,288327,Copenhagen,Q1748,55.676111111111,12.568888888889,Nice,Q33959,43.701944444444,7.2683333333333,1383.9784652382468
640,Rome - Bologna,288024,Rome,Q220,41.893055555556,12.482777777778,Bologna,Q1891,44.493888888889,11.342777777778,303.5980619244582
641,Zürich - Nice,287558,Zürich,Q72,47.378611111111,8.54,Nice,Q33959,43.701944444444,7.2683333333333,420.6359527271082
642,Birmingham - Faro,287152,Birmingham,Q2256,52.48,-1.9025,Faro,Q159457,37.0161111111111,-7.935,1782.7214968639933
643,Eindhoven - Alicante,287039,Eindhoven,Q9832,51.434444444444,5.4841666666667,Alicante,Q11959,38.345277777778,-0.48305555555556,1528.1960545979791
644,Zürich - Málaga,284321,Zürich,Q72,47.378611111111,8.54,Málaga,Q8851,36.716666666667,-4.4166666666667,1592.659479864432
645,Frankfurt - Billund,284255,Frankfurt,Q1794,50.113611111111,8.6797222222222,Billund,Q1701099,55.730833333333,9.1152777777778,625.2863126442937
646,Paris - Reykjavík,283130,Paris,Q90,48.856944444444,2.3513888888889,Reykjavík,Q1764,64.1475,-21.935,2232.8633507051813
647,Stockholm - Gdańsk,283067,Stockholm,Q1754,59.329444444444,18.068611111111,Gdańsk,Q1792,54.366666666667,18.633333333333,552.8986325096563
648,Palermo - Pisa,281578,Palermo,Q2656,38.115658,13.361262,Pisa,Q13375,43.716666666667,10.4,670.5469099599791
649,Brussels - Amsterdam,281450,Brussels,Q239,50.8466666666667,4.35166666666667,Amsterdam,Q727,52.383333333333,4.9,175.01249704729057
650,London - Rhodes,281326,London,Q84,51.507222222222,-0.1275,Rhodes,Q43048,36.166666666667,28,2799.10813412063
651,Warsaw - Gdańsk,281109,Warsaw,Q270,52.216666666667,21.033333333333,Gdańsk,Q1792,54.366666666667,18.633333333333,287.36528043518547
652,Zürich - Dublin,280995,Zürich,Q72,47.378611111111,8.54,Dublin,Q1761,53.3497222222222,-6.26027777777778,1238.5286762693277
653,Athens - Mytilene,280909,Athens,Q1524,37.9841666666667,23.7280555555556,Mytilene,Q189059,39.103611111111,26.533055555556,273.85249859340365
654,Paris - Clermont-Ferrand,280680,Paris,Q90,48.856944444444,2.3513888888889,Clermont-Ferrand,Q42168,45.779722222222,3.0869444444444,346.6305886767748
655,Tallinn - Frankfurt,280602,Tallinn,Q1770,59.437222222222,24.745,Frankfurt,Q1794,50.113611111111,8.6797222222222,1454.434860650412
656,Frankfurt - Florence,279608,Frankfurt,Q1794,50.113611111111,8.6797222222222,Florence,Q2044,43.771388888889,11.254166666667,731.6844961533899
657,Manchester - Gran Canaria,279262,Manchester,Q18125,53.466666666667,-2.2333333333333,Gran Canaria,Q178925,27.958611111111,-15.5925,3040.0758026845488
658,Paris - Alicante,278961,Paris,Q90,48.856944444444,2.3513888888889,Alicante,Q11959,38.345277777778,-0.48305555555556,1190.6901796656443
659,Málaga - Leeds,278933,Málaga,Q8851,36.716666666667,-4.4166666666667,Leeds,Q39121,53.799722222222,-1.5491666666667,1912.3665592333768
660,Zürich - Porto,278852,Zürich,Q72,47.378611111111,8.54,Porto,Q36433,41.149472222222,-8.6107777777778,1526.786466744968
661,Düsseldorf - Birmingham,278471,Düsseldorf,Q1718,51.231144444444,6.7723805555556,Birmingham,Q2256,52.48,-1.9025,611.3430940803175
662,Belfast - Bristol,278423,Belfast,Q10686,54.596388888889,-5.93,Bristol,Q23154,51.45,-2.5833333333333,415.2322994683539
663,Manchester - Ibiza,278406,Manchester,Q18125,53.466666666667,-2.2333333333333,Ibiza,Q52631,38.98,1.43,1634.7542946763906
664,Düsseldorf - Málaga,277751,Düsseldorf,Q1718,51.231144444444,6.7723805555556,Málaga,Q8851,36.716666666667,-4.4166666666667,1840.906254310066
665,Nantes - Nice,277577,Nantes,Q12191,47.217222222222,-1.5538888888889,Nice,Q33959,43.701944444444,7.2683333333333,790.666882429674
666,Bologna - Palermo,277509,Bologna,Q1891,44.493888888889,11.342777777778,Palermo,Q2656,38.115658,13.361262,728.9262779239036
667,Turin - Palermo,277342,Turin,Q495,45.066666666667,7.7,Palermo,Q2656,38.115658,13.361262,904.4704184896349
668,Oslo - Riga,277310,Oslo,Q585,59.911111111111,10.752777777778,Riga,Q1773,56.9475,24.106944444444,842.4977887378773
669,Stuttgart - Barcelona,276368,Stuttgart,Q1022,48.776111111111,9.1775,Barcelona,Q1492,41.3825,2.1769444444444,988.0105892754932
670,Geneva - Manchester,276020,Geneva,Q71,46.2,6.15,Manchester,Q18125,53.466666666667,-2.2333333333333,1005.7419712544612
671,Leipzig - Mallorca,276006,Leipzig,Q2079,51.333333333333,12.383333333333,Mallorca,Q8828,39.616666666667,2.9833333333333,1492.0695218889537
672,Copenhagen - Gothenburg,275980,Copenhagen,Q1748,55.676111111111,12.568888888889,Gothenburg,Q25287,57.671706102705,11.980966694056,224.78600974366927
673,Stockholm - Gran Canaria,275574,Stockholm,Q1754,59.329444444444,18.068611111111,Gran Canaria,Q178925,27.958611111111,-15.5925,4325.218407776517
674,Basel - Bordeaux,274654,Basel,Q78,47.560555555556,7.5905555555556,Bordeaux,Q1479,44.837777777778,-0.57944444444444,697.4111368100982
675,Cologne - Barcelona,274326,Cologne,Q365,50.942222222222,6.9577777777778,Barcelona,Q1492,41.3825,2.1769444444444,1124.3425290276302
676,Thessaloniki - Heraklion,274160,Thessaloniki,Q17151,40.6402777777778,22.9355555555556,Heraklion,Q160544,35.3402777777778,25.1344444444444,619.9763506686388
677,Venice - Bari,273876,Venice,Q641,45.439722222222,12.331944444444,Bari,Q3519,41.125277777778,16.866666666667,603.8498091642838
678,Frankfurt - Toulouse,272316,Frankfurt,Q1794,50.113611111111,8.6797222222222,Toulouse,Q7880,43.604444444444,1.4438888888889,908.244184491446
679,Rome - Helsinki,272203,Rome,Q220,41.893055555556,12.482777777778,Helsinki,Q1757,60.17556,24.93417,2202.928058489353
680,Lyon - Madrid,272148,Lyon,Q456,45.758888888889,4.8413888888889,Madrid,Q2807,40.418888888889,-3.6919444444444,911.6374643749699
681,Madrid - Santander,271707,Madrid,Q2807,40.418888888889,-3.6919444444444,Santander,Q12233,43.466666666667,-3.8,339.0156830704414
682,Milan - Mallorca,271464,Milan,Q490,45.466944444444,9.19,Mallorca,Q8828,39.616666666667,2.9833333333333,825.1274229502799
683,Berlin - Málaga,271408,Berlin,Q64,52.516666666667,13.383333333333,Málaga,Q8851,36.716666666667,-4.4166666666667,2239.235353381468
684,Munich - Thessaloniki,271092,Munich,Q1726,48.1375,11.575,Thessaloniki,Q17151,40.6402777777778,22.9355555555556,1226.4039599512514
685,Bordeaux - Nice,270622,Bordeaux,Q1479,44.837777777778,-0.57944444444444,Nice,Q33959,43.701944444444,7.2683333333333,637.2228119070519
686,Amsterdam - Florence,270616,Amsterdam,Q727,52.383333333333,4.9,Florence,Q2044,43.771388888889,11.254166666667,1066.651876653208
687,Turin - Naples,269689,Turin,Q495,45.066666666667,7.7,Naples,Q2634,40.833333333333,14.25,710.7515108452102
688,Nuremberg - Mallorca,269464,Nuremberg,Q2090,49.4538888888889,11.0775,Mallorca,Q8828,39.616666666667,2.9833333333333,1266.418871870194
689,Rome - Manchester,269360,Rome,Q220,41.893055555556,12.482777777778,Manchester,Q18125,53.466666666667,-2.2333333333333,1687.368951330661
690,Dublin - Alicante,269062,Dublin,Q1761,53.3497222222222,-6.26027777777778,Alicante,Q11959,38.345277777778,-0.48305555555556,1725.968369100035
691,Málaga - Liverpool,268778,Málaga,Q8851,36.716666666667,-4.4166666666667,Liverpool,Q24826,53.4075,-2.99194444444444,1859.2130303885883
692,London - Heraklion,268769,London,Q84,51.507222222222,-0.1275,Heraklion,Q160544,35.3402777777778,25.1344444444444,2694.3575720286954
693,Belfast - Tyne and Wear,268575,Belfast,Q10686,54.596388888889,-5.93,Tyne and Wear,Q23080,54.974,-1.6132,279.91285320639247
694,Riga - Frankfurt,267932,Riga,Q1773,56.9475,24.106944444444,Frankfurt,Q1794,50.113611111111,8.6797222222222,1266.9064385602417
695,Alicante - Liverpool,267097,Alicante,Q11959,38.345277777778,-0.48305555555556,Liverpool,Q24826,53.4075,-2.99194444444444,1685.7974242247171
696,Düsseldorf - Fuerteventura,266449,Düsseldorf,Q1718,51.231144444444,6.7723805555556,Fuerteventura,Q192534,28.4325,-14.003056,3070.8500559686377
697,Amsterdam - Leeds,266176,Amsterdam,Q727,52.383333333333,4.9,Leeds,Q39121,53.799722222222,-1.5491666666667,458.34942237425963
698,Birmingham - Edinburgh,265980,Birmingham,Q2256,52.48,-1.9025,Edinburgh,Q23436,55.95,-3.1988888888889,394.9280687951709
699,Rome - Trieste,265958,Rome,Q220,41.893055555556,12.482777777778,Trieste,Q546,45.6502777777778,13.7702777777778,430.36804278008356
700,Copenhagen - Dublin,264916,Copenhagen,Q1748,55.676111111111,12.568888888889,Dublin,Q1761,53.3497222222222,-6.26027777777778,1238.5431005936764
701,Stockholm - Skellefteå,264884,Stockholm,Q1754,59.329444444444,18.068611111111,Skellefteå,Q54344,64.75067,20.95279,621.1228529089395
702,Bucharest - Iași,264876,Bucharest,Q19660,44.4,26.083333333333,Iași,Q46852,47.162222222222,27.588888888889,328.56975846385575
703,Rome - Florence,264872,Rome,Q220,41.893055555556,12.482777777778,Florence,Q2044,43.771388888889,11.254166666667,231.63999666676315
704,Málaga - Tyne and Wear,264731,Málaga,Q8851,36.716666666667,-4.4166666666667,Tyne and Wear,Q23080,54.974,-1.6132,2041.2940492945831
705,Frankfurt - Leipzig,264444,Frankfurt,Q1794,50.113611111111,8.6797222222222,Leipzig,Q2079,51.333333333333,12.383333333333,293.8305956071917
706,Berlin - Naples,264165,Berlin,Q64,52.516666666667,13.383333333333,Naples,Q2634,40.833333333333,14.25,1300.7855187357943
707,Zürich - Prague,263821,Zürich,Q72,47.378611111111,8.54,Prague,Q1085,50.083333333333,14.416666666667,525.3250367293152
708,Munich - Kraków,263542,Munich,Q1726,48.1375,11.575,Kraków,Q31487,50.061388888889,19.937222222222,644.8752332151981
709,Amsterdam - Naples,263217,Amsterdam,Q727,52.383333333333,4.9,Naples,Q2634,40.833333333333,14.25,1466.774428721257
710,Geneva - Munich,262307,Geneva,Q71,46.2,6.15,Munich,Q1726,48.1375,11.575,463.09778618877897
711,Frankfurt - Belgrade,261535,Frankfurt,Q1794,50.113611111111,8.6797222222222,Belgrade,Q3711,44.816666666667,20.466666666667,1062.0463001460291
712,"Birmingham - San Bartolomé, Las Palmas",261186,Birmingham,Q2256,52.48,-1.9025,"San Bartolomé, Las Palmas",Q962773,29.0016342148498,-13.6139314665816,2782.682150920353
713,Stockholm - Riga,260554,Stockholm,Q1754,59.329444444444,18.068611111111,Riga,Q1773,56.9475,24.106944444444,442.1854740628372
714,Brussels - Lyon,260520,Brussels,Q239,50.8466666666667,4.35166666666667,Lyon,Q456,45.758888888889,4.8413888888889,566.8907800792085
715,Lisbon - Praia da Vitória,260455,Lisbon,Q597,38.708042,-9.139016,Praia da Vitória,Q73046,38.733333333333,-27.066666666667,1552.8183819537744
716,Marseille - Bastia,260000,Marseille,Q23482,43.296666666667,5.3763888888889,Bastia,Q134698,42.7,9.4494444444444,337.7838840742771
717,Stockholm - Kiruna,259896,Stockholm,Q1754,59.329444444444,18.068611111111,Kiruna,Q83232,67.8488888888889,20.3027777777778,953.587409307149
718,Sofia - Varna,259666,Sofia,Q472,42.697886,23.321726,Varna,Q6506,43.211375,27.91108,377.7841139331407
719,Munich - Toulouse,259374,Munich,Q1726,48.1375,11.575,Toulouse,Q7880,43.604444444444,1.4438888888889,931.2064109653297
720,Seville - Tenerife,259368,Seville,Q8717,37.383333333333,-5.9833333333333,Tenerife,Q40846,28.268611111111,-16.605555555556,1416.6242905937302
721,Basel - Skopje,259174,Basel,Q78,47.560555555556,7.5905555555556,Skopje,Q384,41.983333333333,21.433333333333,1253.817533068413
722,Catania - Naples,258966,Catania,Q1903,37.502669444444,15.087269444444,Naples,Q2634,40.833333333333,14.25,377.3159191438367
723,Sofia - Munich,258896,Sofia,Q472,42.697886,23.321726,Munich,Q1726,48.1375,11.575,1096.535246615264
724,Prague - Düsseldorf,258335,Prague,Q1085,50.083333333333,14.416666666667,Düsseldorf,Q1718,51.231144444444,6.7723805555556,553.4968308249861
725,Milan - Edinburgh,257963,Milan,Q490,45.466944444444,9.19,Edinburgh,Q23436,55.95,-3.1988888888889,1451.339580857561
726,Dublin - Budapest,257882,Dublin,Q1761,53.3497222222222,-6.26027777777778,Budapest,Q1781,47.498333333333,19.040833333333,1894.6959816282117
727,Munich - Nice,257856,Munich,Q1726,48.1375,11.575,Nice,Q33959,43.701944444444,7.2683333333333,594.9629583092476
728,Milan - Hamburg,257117,Milan,Q490,45.466944444444,9.19,Hamburg,Q1055,53.55,10,900.6808010304547
729,Zürich - Cologne,256694,Zürich,Q72,47.378611111111,8.54,Cologne,Q365,50.942222222222,6.9577777777778,412.5941319230672
730,Oslo - Barcelona,256550,Oslo,Q585,59.911111111111,10.752777777778,Barcelona,Q1492,41.3825,2.1769444444444,2143.010366206221
731,Amsterdam - Düsseldorf,256448,Amsterdam,Q727,52.383333333333,4.9,Düsseldorf,Q1718,51.231144444444,6.7723805555556,181.60899758976288
732,Amsterdam - Toulouse,256020,Amsterdam,Q727,52.383333333333,4.9,Toulouse,Q7880,43.604444444444,1.4438888888889,1009.1718517343418
733,Paris - Belgrade,255973,Paris,Q90,48.856944444444,2.3513888888889,Belgrade,Q3711,44.816666666667,20.466666666667,1445.2340062868238
734,Reykjavík - Frankfurt,255934,Reykjavík,Q1764,64.1475,-21.935,Frankfurt,Q1794,50.113611111111,8.6797222222222,2377.48629026422
735,Prague - Stockholm,255867,Prague,Q1085,50.083333333333,14.416666666667,Stockholm,Q1754,59.329444444444,18.068611111111,1054.1502020114042
736,Bilbao - Málaga,255675,Bilbao,Q8692,43.262222222222,-2.9533333333333,Málaga,Q8851,36.716666666667,-4.4166666666667,738.3973825723376
737,Melilla - Málaga,255424,Melilla,Q5831,35.2825,-2.9475,Málaga,Q8851,36.716666666667,-4.4166666666667,207.1142997123892
738,Lyon - Porto,255111,Lyon,Q456,45.758888888889,4.8413888888889,Porto,Q36433,41.149472222222,-8.6107777777778,1198.688383231375
739,Milan - Düsseldorf,254125,Milan,Q490,45.466944444444,9.19,Düsseldorf,Q1718,51.231144444444,6.7723805555556,665.2861672482896
740,Nottingham - Faro,254118,Nottingham,Q41262,52.955,-1.1491666666667,Faro,Q159457,37.0161111111111,-7.935,1848.895067795681
741,Paris - Faro,253302,Paris,Q90,48.856944444444,2.3513888888889,Faro,Q159457,37.0161111111111,-7.935,1557.203360275081
742,Marseille - Ajaccio,253250,Marseille,Q23482,43.296666666667,5.3763888888889,Ajaccio,Q40104,41.925555555556,8.7363888888889,314.3710418183559
743,Amsterdam - Faro,251085,Amsterdam,Q727,52.383333333333,4.9,Faro,Q159457,37.0161111111111,-7.935,1980.5143785480761
744,Vilnius - Frankfurt,250708,Vilnius,Q216,54.683333333333,25.283333333333,Frankfurt,Q1794,50.113611111111,8.6797222222222,1231.9006625018146
745,Mallorca - Málaga,249783,Mallorca,Q8828,39.616666666667,2.9833333333333,Málaga,Q8851,36.716666666667,-4.4166666666667,722.5161735186779
746,Frankfurt - Marseille,249734,Frankfurt,Q1794,50.113611111111,8.6797222222222,Marseille,Q23482,43.296666666667,5.3763888888889,798.5550047373695
747,Frankfurt - Nuremberg,249465,Frankfurt,Q1794,50.113611111111,8.6797222222222,Nuremberg,Q2090,49.4538888888889,11.0775,187.11739833347477
748,Copenhagen - Alicante,249304,Copenhagen,Q1748,55.676111111111,12.568888888889,Alicante,Q11959,38.345277777778,-0.48305555555556,2158.083792191325
749,Athens - Kos,248379,Athens,Q1524,37.9841666666667,23.7280555555556,Kos,Q187027,36.815277777778,27.110277777778,325.78935617528947
750,Frankfurt - Tenerife,247528,Frankfurt,Q1794,50.113611111111,8.6797222222222,Tenerife,Q40846,28.268611111111,-16.605555555556,3231.7057540825654
751,Zagreb - Cavtat,246808,Zagreb,Q1435,45.8130555555556,15.9772222222222,Cavtat,Q221350,42.579444444444,18.220833333333,401.55052056175174
752,Warsaw - Prague,246398,Warsaw,Q270,52.216666666667,21.033333333333,Prague,Q1085,50.083333333333,14.416666666667,518.6411713097989
753,Belfast - Alicante,246375,Belfast,Q10686,54.596388888889,-5.93,Alicante,Q11959,38.345277777778,-0.48305555555556,1853.1794467191503
754,Dublin - Tenerife,245834,Dublin,Q1761,53.3497222222222,-6.26027777777778,Tenerife,Q40846,28.268611111111,-16.605555555556,2914.7032798565647
755,Zürich - Valencia,245683,Zürich,Q72,47.378611111111,8.54,Valencia,Q8818,39.47,-0.376388888888889,1135.0432743006063
756,Oslo - Målselv,245662,Oslo,Q585,59.911111111111,10.752777777778,Målselv,Q488955,68.975,19.064444444444,1081.5929116722089
757,Lisbon - Bordeaux,245459,Lisbon,Q597,38.708042,-9.139016,Bordeaux,Q1479,44.837777777778,-0.57944444444444,983.0490181411533
758,Edinburgh - Tenerife,245428,Edinburgh,Q23436,55.95,-3.1988888888889,Tenerife,Q40846,28.268611111111,-16.605555555556,3257.538314992623
759,Manchester - Fuerteventura,245274,Manchester,Q18125,53.466666666667,-2.2333333333333,Fuerteventura,Q192534,28.4325,-14.003056,2945.025901548029
760,Thessaloniki - Larnaca,245173,Thessaloniki,Q17151,40.6402777777778,22.9355555555556,Larnaca,Q171882,34.916666666667,33.633333333333,1134.0162241304886
761,Madrid - Marseille,245027,Madrid,Q2807,40.418888888889,-3.6919444444444,Marseille,Q23482,43.296666666667,5.3763888888889,815.7863557412081
762,Bilbao - Mallorca,243307,Bilbao,Q8692,43.262222222222,-2.9533333333333,Mallorca,Q8828,39.616666666667,2.9833333333333,639.4110183127652
763,Munich - Gothenburg,242653,Munich,Q1726,48.1375,11.575,Gothenburg,Q25287,57.671706102705,11.980966694056,1060.5015237212588
764,Amsterdam - Bilbao,242170,Amsterdam,Q727,52.383333333333,4.9,Bilbao,Q8692,43.262222222222,-2.9533333333333,1169.9333866319841
765,Mallorca - Leeds,241171,Mallorca,Q8828,39.616666666667,2.9833333333333,Leeds,Q39121,53.799722222222,-1.5491666666667,1613.6670139207367
766,Barcelona - Birmingham,240710,Barcelona,Q1492,41.3825,2.1769444444444,Birmingham,Q2256,52.48,-1.9025,1271.7402014719958
767,Amsterdam - Heraklion,240280,Amsterdam,Q727,52.383333333333,4.9,Heraklion,Q160544,35.3402777777778,25.1344444444444,2477.178970980686
768,Lisbon - Nantes,239930,Lisbon,Q597,38.708042,-9.139016,Nantes,Q12191,47.217222222222,-1.5538888888889,1128.4641274807045
769,Frankfurt - Gran Canaria,239890,Frankfurt,Q1794,50.113611111111,8.6797222222222,Gran Canaria,Q178925,27.958611111111,-15.5925,3205.193462825849
770,Amsterdam - Liverpool,239764,Amsterdam,Q727,52.383333333333,4.9,Liverpool,Q24826,53.4075,-2.99194444444444,541.2055442669885
771,Zürich - Venice,239723,Zürich,Q72,47.378611111111,8.54,Venice,Q641,45.439722222222,12.331944444444,361.8728571612144
772,Frankfurt - Thessaloniki,239684,Frankfurt,Q1794,50.113611111111,8.6797222222222,Thessaloniki,Q17151,40.6402777777778,22.9355555555556,1527.9746176074814
773,Catania - Pisa,239339,Catania,Q1903,37.502669444444,15.087269444444,Pisa,Q13375,43.716666666667,10.4,795.9047274015996
774,Paris - Perpignan,239220,Paris,Q90,48.856944444444,2.3513888888889,Perpignan,Q6730,42.6975,2.8947222222222,686.189825615216
775,Belgrade - Tivat,239213,Belgrade,Q3711,44.816666666667,20.466666666667,Tivat,Q223469,42.43,18.7,301.0647941500682
776,Venice - Munich,239201,Venice,Q641,45.439722222222,12.331944444444,Munich,Q1726,48.1375,11.575,305.4606994911584
777,Zagreb - Munich,238801,Zagreb,Q1435,45.8130555555556,15.9772222222222,Munich,Q1726,48.1375,11.575,422.2101174181076
778,Seville - Gran Canaria,238389,Seville,Q8717,37.383333333333,-5.9833333333333,Gran Canaria,Q178925,27.958611111111,-15.5925,1379.3568101877456
779,Lisbon - Toulouse,238228,Lisbon,Q597,38.708042,-9.139016,Toulouse,Q7880,43.604444444444,1.4438888888889,1038.7023116984824
780,Düsseldorf - Stockholm,238045,Düsseldorf,Q1718,51.231144444444,6.7723805555556,Stockholm,Q1754,59.329444444444,18.068611111111,1146.9137530455546
781,Malta - Manchester,237843,Malta,Q233,35.883333333333,14.5,Manchester,Q18125,53.466666666667,-2.2333333333333,2347.9566950723774
782,Frankfurt - Graz,237532,Frankfurt,Q1794,50.113611111111,8.6797222222222,Graz,Q13298,47.0708333333333,15.4386111111111,600.9404413230999
783,Lisbon - Marseille,237421,Lisbon,Q597,38.708042,-9.139016,Marseille,Q23482,43.296666666667,5.3763888888889,1318.3556150609302
784,Naples - Palermo,237276,Naples,Q2634,40.833333333333,14.25,Palermo,Q2656,38.115658,13.361262,311.6661234041581
785,Helsinki - Gothenburg,236844,Helsinki,Q1757,60.17556,24.93417,Gothenburg,Q25287,57.671706102705,11.980966694056,792.2908437129954
786,Eindhoven - Faro,236773,Eindhoven,Q9832,51.434444444444,5.4841666666667,Faro,Q159457,37.0161111111111,-7.935,1920.400511951368
787,Sofia - Athens,236253,Sofia,Q472,42.697886,23.321726,Athens,Q1524,37.9841666666667,23.7280555555556,525.2706004044036
788,Athens - Alexandroupoli,236026,Athens,Q1524,37.9841666666667,23.7280555555556,Alexandroupoli,Q190847,40.85,25.866666666667,367.7990708716752
789,Lyon - Munich,235592,Lyon,Q456,45.758888888889,4.8413888888889,Munich,Q1726,48.1375,11.575,575.2297854808471
790,Lisbon - Hamburg,235480,Lisbon,Q597,38.708042,-9.139016,Hamburg,Q1055,53.55,10,2199.23142236866
791,Paris - Pisa,235312,Paris,Q90,48.856944444444,2.3513888888889,Pisa,Q13375,43.716666666667,10.4,841.2895637841837
792,Zürich - Budapest,235222,Zürich,Q72,47.378611111111,8.54,Budapest,Q1781,47.498333333333,19.040833333333,789.2821699289073
793,Rome - Lyon,235159,Rome,Q220,41.893055555556,12.482777777778,Lyon,Q456,45.758888888889,4.8413888888889,748.1636738039999
794,Málaga - Belfast,234689,Málaga,Q8851,36.716666666667,-4.4166666666667,Belfast,Q10686,54.596388888889,-5.93,1991.495999409366
795,Frankfurt - Bilbao,234655,Frankfurt,Q1794,50.113611111111,8.6797222222222,Bilbao,Q8692,43.262222222222,-2.9533333333333,1167.1406733788822
796,Munich - Heraklion,234525,Munich,Q1726,48.1375,11.575,Heraklion,Q160544,35.3402777777778,25.1344444444444,1808.3541605159032
797,Glasgow - Mallorca,234452,Glasgow,Q4093,55.8611111111111,-4.25,Mallorca,Q8828,39.616666666667,2.9833333333333,1883.0741748396795
798,Lille - Toulouse,234307,Lille,Q648,50.631944444444,3.0575,Toulouse,Q7880,43.604444444444,1.4438888888889,790.8515498725408
799,Oslo - Gdańsk,234103,Oslo,Q585,59.911111111111,10.752777777778,Gdańsk,Q1792,54.366666666667,18.633333333333,777.4760972116518
800,Basel - Alicante,234058,Basel,Q78,47.560555555556,7.5905555555556,Alicante,Q11959,38.345277777778,-0.48305555555556,1215.7523873847979
801,Amsterdam - Aalborg,234019,Amsterdam,Q727,52.383333333333,4.9,Aalborg,Q25410,57.05,9.9166666666667,610.4455845873243
802,Düsseldorf - Dublin,233827,Düsseldorf,Q1718,51.231144444444,6.7723805555556,Dublin,Q1761,53.3497222222222,-6.26027777777778,915.7154338358965
803,Munich - Münster,233718,Munich,Q1726,48.1375,11.575,Münster,Q2742,51.9625,7.6255555555556,510.14058798524167
804,Vilnius - Warsaw,233666,Vilnius,Q216,54.683333333333,25.283333333333,Warsaw,Q270,52.216666666667,21.033333333333,392.8509570509026
805,Naples - Madrid,233652,Naples,Q2634,40.833333333333,14.25,Madrid,Q2807,40.418888888889,-3.6919444444444,1512.2524923273852
806,London - Bari,233555,London,Q84,51.507222222222,-0.1275,Bari,Q3519,41.125277777778,16.866666666667,1734.8044483030624
807,Frankfurt - Naples,233009,Frankfurt,Q1794,50.113611111111,8.6797222222222,Naples,Q2634,40.833333333333,14.25,1118.8129919951855
808,Prague - Budapest,232957,Prague,Q1085,50.083333333333,14.416666666667,Budapest,Q1781,47.498333333333,19.040833333333,444.11936375057036
809,Rome - Stockholm,232915,Rome,Q220,41.893055555556,12.482777777778,Stockholm,Q1754,59.329444444444,18.068611111111,1976.8174703892462
810,Barcelona - Liverpool,232287,Barcelona,Q1492,41.3825,2.1769444444444,Liverpool,Q24826,53.4075,-2.99194444444444,1391.6474508599317
811,Prague - Manchester,232136,Prague,Q1085,50.083333333333,14.416666666667,Manchester,Q18125,53.466666666667,-2.2333333333333,1202.4563347613184
812,Brussels - Helsinki,231507,Brussels,Q239,50.8466666666667,4.35166666666667,Helsinki,Q1757,60.17556,24.93417,1648.0372419914927
813,Copenhagen - Budapest,231448,Copenhagen,Q1748,55.676111111111,12.568888888889,Budapest,Q1781,47.498333333333,19.040833333333,1012.2825685694992
814,Birmingham - Glasgow,230262,Birmingham,Q2256,52.48,-1.9025,Glasgow,Q4093,55.8611111111111,-4.25,405.76872975119403
815,Brussels - Edinburgh,229957,Brussels,Q239,50.8466666666667,4.35166666666667,Edinburgh,Q23436,55.95,-3.1988888888889,755.8557844229408
816,Frankfurt - Faro,229823,Frankfurt,Q1794,50.113611111111,8.6797222222222,Faro,Q159457,37.0161111111111,-7.935,1969.270629382087
817,Vilnius - Riga,229468,Vilnius,Q216,54.683333333333,25.283333333333,Riga,Q1773,56.9475,24.106944444444,262.2623319104366
818,Brussels - Valencia,229435,Brussels,Q239,50.8466666666667,4.35166666666667,Valencia,Q8818,39.47,-0.376388888888889,1317.5243494237434
819,Helsinki - Budapest,229327,Helsinki,Q1757,60.17556,24.93417,Budapest,Q1781,47.498333333333,19.040833333333,1460.3060392671885
820,Verona - Palermo,229313,Verona,Q2028,45.4386111111111,10.9927777777778,Palermo,Q2656,38.115658,13.361262,837.5194990320881
821,Warsaw - Oslo,228428,Warsaw,Q270,52.216666666667,21.033333333333,Oslo,Q585,59.911111111111,10.752777777778,1064.8384770535092
822,Helsinki - Reykjavík,228358,Helsinki,Q1757,60.17556,24.93417,Reykjavík,Q1764,64.1475,-21.935,2415.3043742806603
823,Malta - Munich,228240,Malta,Q233,35.883333333333,14.5,Munich,Q1726,48.1375,11.575,1383.5885824089748
824,Warsaw - Bucharest,228167,Warsaw,Q270,52.216666666667,21.033333333333,Bucharest,Q19660,44.4,26.083333333333,945.4488107124581
825,Amsterdam - Bologna,227821,Amsterdam,Q727,52.383333333333,4.9,Bologna,Q1891,44.493888888889,11.342777777778,996.8121579392866
826,Lille - Bordeaux,227815,Lille,Q648,50.631944444444,3.0575,Bordeaux,Q1479,44.837777777778,-0.57944444444444,699.1236669235057
827,Tyne and Wear - Tenerife,227785,Tyne and Wear,Q23080,54.974,-1.6132,Tenerife,Q40846,28.268611111111,-16.605555555556,3204.858100475291
828,Valencia - Eindhoven,227728,Valencia,Q8818,39.47,-0.376388888888889,Eindhoven,Q9832,51.434444444444,5.4841666666667,1405.5963759967306
829,Frankfurt - Salzburg,227103,Frankfurt,Q1794,50.113611111111,8.6797222222222,Salzburg,Q34713,47.7972,13.04768,409.8339374558246
830,Belfast - Faro,227095,Belfast,Q10686,54.596388888889,-5.93,Faro,Q159457,37.0161111111111,-7.935,1960.8055380411074
831,Paris - Ibiza,226910,Paris,Q90,48.856944444444,2.3513888888889,Ibiza,Q52631,38.98,1.43,1100.721388393507
832,Geneva - Copenhagen,226502,Geneva,Q71,46.2,6.15,Copenhagen,Q1748,55.676111111111,12.568888888889,1144.501174964072
833,Malta - Brussels,225747,Malta,Q233,35.883333333333,14.5,Brussels,Q239,50.8466666666667,4.35166666666667,1851.0681420297853
834,Munich - Graz,225178,Munich,Q1726,48.1375,11.575,Graz,Q13298,47.0708333333333,15.4386111111111,312.9639324735743
835,Rome - Sofia,224999,Rome,Q220,41.893055555556,12.482777777778,Sofia,Q472,42.697886,23.321726,895.3507542249074
836,Vienna - Nice,224321,Vienna,Q1741,48.20833,16.373064,Nice,Q33959,43.701944444444,7.2683333333333,863.0589961402704
837,Alicante - Edinburgh,224161,Alicante,Q11959,38.345277777778,-0.48305555555556,Edinburgh,Q23436,55.95,-3.1988888888889,1967.922040441116
838,London - Dortmund,224115,London,Q84,51.507222222222,-0.1275,Dortmund,Q1295,51.513888888889,7.4652777777778,525.2195656885767
839,Athens - Copenhagen,223335,Athens,Q1524,37.9841666666667,23.7280555555556,Copenhagen,Q1748,55.676111111111,12.568888888889,2136.3960604855138
840,Milan - Pescara,223238,Milan,Q490,45.466944444444,9.19,Pescara,Q2704,42.464277777778,14.214188888889,522.4687686645631
841,Hanover - Vienna,223215,Hanover,Q1715,52.374444444444,9.7386111111111,Vienna,Q1741,48.20833,16.373064,660.3562604420409
842,London - Salzburg,222658,London,Q84,51.507222222222,-0.1275,Salzburg,Q34713,47.7972,13.04768,1032.420304294591
843,Bologna - Bucharest,222354,Bologna,Q1891,44.493888888889,11.342777777778,Bucharest,Q19660,44.4,26.083333333333,1168.5951713009072
844,Frankfurt - Heraklion,222327,Frankfurt,Q1794,50.113611111111,8.6797222222222,Heraklion,Q160544,35.3402777777778,25.1344444444444,2112.719099995598
845,Dublin - Tyne and Wear,222238,Dublin,Q1761,53.3497222222222,-6.26027777777778,Tyne and Wear,Q23080,54.974,-1.6132,352.24986957258517
846,Stockholm - Budapest,221932,Stockholm,Q1754,59.329444444444,18.068611111111,Budapest,Q1781,47.498333333333,19.040833333333,1317.1023895405601
847,Copenhagen - Riga,221862,Copenhagen,Q1748,55.676111111111,12.568888888889,Riga,Q1773,56.9475,24.106944444444,724.6100664384071
848,Milan - Stuttgart,221586,Milan,Q490,45.466944444444,9.19,Stuttgart,Q1022,48.776111111111,9.1775,367.9643362662446
849,Amsterdam - Tenerife,221449,Amsterdam,Q727,52.383333333333,4.9,Tenerife,Q40846,28.268611111111,-16.605555555556,3215.65435267715
850,Oslo - Kirkenes,220675,Oslo,Q585,59.911111111111,10.752777777778,Kirkenes,Q209423,69.72708,30.04511,1410.1147386258547
851,Lille - Marseille,220535,Lille,Q648,50.631944444444,3.0575,Marseille,Q23482,43.296666666667,5.3763888888889,834.2991804239681
852,Vienna - Dublin,220227,Vienna,Q1741,48.20833,16.373064,Dublin,Q1761,53.3497222222222,-6.26027777777778,1682.287247980307
853,Prague - Munich,220084,Prague,Q1085,50.083333333333,14.416666666667,Munich,Q1726,48.1375,11.575,299.28654873724815
854,Copenhagen - Edinburgh,219564,Copenhagen,Q1748,55.676111111111,12.568888888889,Edinburgh,Q23436,55.95,-3.1988888888889,983.503758006609
855,Munich - Marseille,219507,Munich,Q1726,48.1375,11.575,Marseille,Q23482,43.296666666667,5.3763888888889,721.5573475674354
856,Madrid - Nantes,219327,Madrid,Q2807,40.418888888889,-3.6919444444444,Nantes,Q12191,47.217222222222,-1.5538888888889,775.0753470507562
857,Rome - Cologne,218293,Rome,Q220,41.893055555556,12.482777777778,Cologne,Q365,50.942222222222,6.9577777777778,1090.9543202000814
858,Bordeaux - Barcelona,218268,Bordeaux,Q1479,44.837777777778,-0.57944444444444,Barcelona,Q1492,41.3825,2.1769444444444,444.54944222191455
859,Basel - Brussels,218116,Basel,Q78,47.560555555556,7.5905555555556,Brussels,Q239,50.8466666666667,4.35166666666667,434.51514004450786
860,Warsaw - Rzeszów,217987,Warsaw,Q270,52.216666666667,21.033333333333,Rzeszów,Q598,50.05,22,250.18028075654004
861,Sofia - Milan,217884,Sofia,Q472,42.697886,23.321726,Milan,Q490,45.466944444444,9.19,1168.2810178018044
862,Rome - Düsseldorf,217509,Rome,Q220,41.893055555556,12.482777777778,Düsseldorf,Q1718,51.231144444444,6.7723805555556,1125.5468452494806
863,Basel - Rome,217058,Basel,Q78,47.560555555556,7.5905555555556,Rome,Q220,41.893055555556,12.482777777778,738.9170976818688
864,Venice - Palermo,216948,Venice,Q641,45.439722222222,12.331944444444,Palermo,Q2656,38.115658,13.361262,818.8399325563539
865,Munich - Luxembourg,216262,Munich,Q1726,48.1375,11.575,Luxembourg,Q1842,49.610555555556,6.1327777777778,430.2738924124359
866,Geneva - Bristol,215905,Geneva,Q71,46.2,6.15,Bristol,Q23154,51.45,-2.5833333333333,864.6894633683079
867,Milan - Stockholm,215253,Milan,Q490,45.466944444444,9.19,Stockholm,Q1754,59.329444444444,18.068611111111,1651.5766639073674
868,Helsinki - Kittilä,215215,Helsinki,Q1757,60.17556,24.93417,Kittilä,Q593942,67.6531279,24.9114375,831.4696478316877
869,Zürich - Hanover,214987,Zürich,Q72,47.378611111111,8.54,Hanover,Q1715,52.374444444444,9.7386111111111,562.0910635867502
870,Basel - Edinburgh,214942,Basel,Q78,47.560555555556,7.5905555555556,Edinburgh,Q23436,55.95,-3.1988888888889,1189.5497289666203
871,Lisbon - Copenhagen,214741,Lisbon,Q597,38.708042,-9.139016,Copenhagen,Q1748,55.676111111111,12.568888888889,2478.763288457656
872,Geneva - Bordeaux,214552,Geneva,Q71,46.2,6.15,Bordeaux,Q1479,44.837777777778,-0.57944444444444,545.5470450946771
873,Mallorca - Edinburgh,214363,Mallorca,Q8828,39.616666666667,2.9833333333333,Edinburgh,Q23436,55.95,-3.1988888888889,1872.1737150648391
874,Lisbon - Düsseldorf,214215,Lisbon,Q597,38.708042,-9.139016,Düsseldorf,Q1718,51.231144444444,6.7723805555556,1864.3712744041488
875,Basel - Copenhagen,213960,Basel,Q78,47.560555555556,7.5905555555556,Copenhagen,Q1748,55.676111111111,12.568888888889,965.0335202187935
876,Basel - Naples,213808,Basel,Q78,47.560555555556,7.5905555555556,Naples,Q2634,40.833333333333,14.25,916.5208160523309
877,Geneva - Athens,213554,Geneva,Q71,46.2,6.15,Athens,Q1524,37.9841666666667,23.7280555555556,1708.3590246069673
878,Manchester - Aberdeen,213230,Manchester,Q18125,53.466666666667,-2.2333333333333,Aberdeen,Q36405,57.15,-2.1,409.6553242418608
879,Vienna - Belgrade,213021,Vienna,Q1741,48.20833,16.373064,Belgrade,Q3711,44.816666666667,20.466666666667,490.1192587032113
880,Seville - Valencia,213013,Seville,Q8717,37.383333333333,-5.9833333333333,Valencia,Q8818,39.47,-0.376388888888889,540.5976121996312
881,Milan - Tenerife,212977,Milan,Q490,45.466944444444,9.19,Tenerife,Q40846,28.268611111111,-16.605555555556,2963.7235445698675
882,Milan - Helsinki,212457,Milan,Q490,45.466944444444,9.19,Helsinki,Q1757,60.17556,24.93417,1936.8525541247602
883,London - Innsbruck,212418,London,Q84,51.507222222222,-0.1275,Innsbruck,Q1735,47.268333333333,11.393333333333,956.3329124595751
884,Tenerife - El Hierro,212379,Tenerife,Q40846,28.268611111111,-16.605555555556,El Hierro,Q1036287,27.75,-18,148.5429240895855
885,Prague - Dublin,211347,Prague,Q1085,50.083333333333,14.416666666667,Dublin,Q1761,53.3497222222222,-6.26027777777778,1464.3149065916607
886,Amsterdam - Kraków,211265,Amsterdam,Q727,52.383333333333,4.9,Kraków,Q31487,50.061388888889,19.937222222222,1076.4020572559523
887,London - Region of Murcia,210792,London,Q84,51.507222222222,-0.1275,Region of Murcia,Q5772,38,-1.8333333333333,1507.8543978383645
888,Madrid - Almería,210688,Madrid,Q2807,40.418888888889,-3.6919444444444,Almería,Q10400,36.84,-2.4675,411.91031720826555
889,Helsinki - Gran Canaria,210445,Helsinki,Q1757,60.17556,24.93417,Gran Canaria,Q178925,27.958611111111,-15.5925,4693.902718581869
890,Copenhagen - Bornholm,210418,Copenhagen,Q1748,55.676111111111,12.568888888889,Bornholm,Q769680,55.125,14.916666666667,160.3967510591951
891,Trondheim - Bodø,210380,Trondheim,Q25804,63.44,10.4,Bodø,Q39383,67.28267,14.37513,465.1070913310282
892,Munich - Birmingham,210237,Munich,Q1726,48.1375,11.575,Birmingham,Q2256,52.48,-1.9025,1069.743738616758
893,Oslo - Budapest,209873,Oslo,Q585,59.911111111111,10.752777777778,Budapest,Q1781,47.498333333333,19.040833333333,1481.4426136848601
894,Munich - Dresden,209867,Munich,Q1726,48.1375,11.575,Dresden,Q1731,51.05,13.74,359.4502334366007
895,Oslo - Kraków,209820,Oslo,Q585,59.911111111111,10.752777777778,Kraków,Q31487,50.061388888889,19.937222222222,1239.5170084574063
896,Mallorca - Liverpool,209408,Mallorca,Q8828,39.616666666667,2.9833333333333,Liverpool,Q24826,53.4075,-2.99194444444444,1598.7905739800005
897,Paris - Malta,209283,Paris,Q90,48.856944444444,2.3513888888889,Malta,Q233,35.883333333333,14.5,1749.4393981715511
898,Munich - Florence,209195,Munich,Q1726,48.1375,11.575,Florence,Q2044,43.771388888889,11.254166666667,486.1220088123044
899,Lyon - Nice,209049,Lyon,Q456,45.758888888889,4.8413888888889,Nice,Q33959,43.701944444444,7.2683333333333,298.41507837319494
900,Manchester - Kraków,208781,Manchester,Q18125,53.466666666667,-2.2333333333333,Kraków,Q31487,50.061388888889,19.937222222222,1565.037918323063
901,Copenhagen - Gran Canaria,208528,Copenhagen,Q1748,55.676111111111,12.568888888889,Gran Canaria,Q178925,27.958611111111,-15.5925,3811.799057856865
902,Gdańsk - Sandefjord,208437,Gdańsk,Q1792,54.366666666667,18.633333333333,Sandefjord,Q109005,59.12881,10.21971,736.2181344980507
903,Berlin - Edinburgh,208187,Berlin,Q64,52.516666666667,13.383333333333,Edinburgh,Q23436,55.95,-3.1988888888889,1139.962521304932
904,Athens - Budapest,208184,Athens,Q1524,37.9841666666667,23.7280555555556,Budapest,Q1781,47.498333333333,19.040833333333,1124.4975786918778
905,Düsseldorf - Alicante,208130,Düsseldorf,Q1718,51.231144444444,6.7723805555556,Alicante,Q11959,38.345277777778,-0.48305555555556,1541.1643434483349
906,London - Bergen,208035,London,Q84,51.507222222222,-0.1275,Bergen,Q26793,60.3925,5.3233333333333,1043.7936906702878
907,Zürich - Helsinki,207861,Zürich,Q72,47.378611111111,8.54,Helsinki,Q1757,60.17556,24.93417,1774.3304372307773
908,London - Tirana,207841,London,Q84,51.507222222222,-0.1275,Tirana,Q19689,41.33,19.82,1892.0422014689987
909,Münster - Mallorca,207576,Münster,Q2742,51.9625,7.6255555555556,Mallorca,Q8828,39.616666666667,2.9833333333333,1418.447037996881
910,Munich - Belgrade,207548,Munich,Q1726,48.1375,11.575,Belgrade,Q3711,44.816666666667,20.466666666667,773.8771700073213
911,Warsaw - Athens,207279,Warsaw,Q270,52.216666666667,21.033333333333,Athens,Q1524,37.9841666666667,23.7280555555556,1596.3629789442953
912,Geneva - Nantes,207081,Geneva,Q71,46.2,6.15,Nantes,Q12191,47.217222222222,-1.5538888888889,597.9296603346685
913,Lisbon - Helsinki,206546,Lisbon,Q597,38.708042,-9.139016,Helsinki,Q1757,60.17556,24.93417,3361.6036853503338
914,Hamburg - Madrid,206335,Hamburg,Q1055,53.55,10,Madrid,Q2807,40.418888888889,-3.6919444444444,1785.1848719779084
915,Munich - Bologna,206028,Munich,Q1726,48.1375,11.575,Bologna,Q1891,44.493888888889,11.342777777778,405.5434948080624
916,Oslo - Nice,205853,Oslo,Q585,59.911111111111,10.752777777778,Nice,Q33959,43.701944444444,7.2683333333333,1817.6097426922424
917,Turin - Barcelona,205819,Turin,Q495,45.066666666667,7.7,Barcelona,Q1492,41.3825,2.1769444444444,606.4316137258648
918,Helsinki - Kuopio,205737,Helsinki,Q1757,60.17556,24.93417,Kuopio,Q162279,62.8925,27.678333333333,335.225121786394
919,Paris - Sofia,205631,Paris,Q90,48.856944444444,2.3513888888889,Sofia,Q472,42.697886,23.321726,1757.290934327539
920,Bristol - Tenerife,205275,Bristol,Q23154,51.45,-2.5833333333333,Tenerife,Q40846,28.268611111111,-16.605555555556,2830.6979083242722
921,Barcelona - Bristol,204766,Barcelona,Q1492,41.3825,2.1769444444444,Bristol,Q23154,51.45,-2.5833333333333,1176.787838755805
922,Innsbruck - Vienna,204659,Innsbruck,Q1735,47.268333333333,11.393333333333,Vienna,Q1741,48.20833,16.373064,386.69794513627653
923,Athens - Paros,204542,Athens,Q1524,37.9841666666667,23.7280555555556,Paros,Q18048733,37.08333,25.15,160.47879604067333
924,Stockholm - Madrid,204439,Stockholm,Q1754,59.329444444444,18.068611111111,Madrid,Q2807,40.418888888889,-3.6919444444444,2592.3629290004537
925,London - Catania,204180,London,Q84,51.507222222222,-0.1275,Catania,Q1903,37.502669444444,15.087269444444,1961.698549234237
926,Liverpool - Faro,203985,Liverpool,Q24826,53.4075,-2.99194444444444,Faro,Q159457,37.0161111111111,-7.935,1862.1912013545725
927,Stockholm - Ronneby,203917,Stockholm,Q1754,59.329444444444,18.068611111111,Ronneby,Q823785,56.206853148042,15.279077865671,384.534040955239
928,Rome - Reggio Calabria,203901,Rome,Q220,41.893055555556,12.482777777778,Reggio Calabria,Q8471,38.114438888889,15.65,499.22318812026975
929,Hamburg - Gran Canaria,203869,Hamburg,Q1055,53.55,10,Gran Canaria,Q178925,27.958611111111,-15.5925,3529.734087537219
930,Paris - Porto-Vecchio,203629,Paris,Q90,48.856944444444,2.3513888888889,Porto-Vecchio,Q241567,41.590833333333,9.2797222222222,972.342395065002
931,Zürich - Milan,203433,Zürich,Q72,47.378611111111,8.54,Milan,Q490,45.466944444444,9.19,218.3264404169591
932,Brussels - Gothenburg,203323,Brussels,Q239,50.8466666666667,4.35166666666667,Gothenburg,Q25287,57.671706102705,11.980966694056,905.1441159856042
933,Warsaw - Sandefjord,203261,Warsaw,Q270,52.216666666667,21.033333333333,Sandefjord,Q109005,59.12881,10.21971,1022.4684220765935
934,London - Iași,203123,London,Q84,51.507222222222,-0.1275,Iași,Q46852,47.162222222222,27.588888888889,2052.18401178661
935,Hamburg - Dublin,202602,Hamburg,Q1055,53.55,10,Dublin,Q1761,53.3497222222222,-6.26027777777778,1074.6388757526154
936,Frankfurt - Luxembourg,202458,Frankfurt,Q1794,50.113611111111,8.6797222222222,Luxembourg,Q1842,49.610555555556,6.1327777777778,190.93013411605926
937,Stockholm - Kraków,202443,Stockholm,Q1754,59.329444444444,18.068611111111,Kraków,Q31487,50.061388888889,19.937222222222,1037.4282971376358
938,Warsaw - Düsseldorf,202401,Warsaw,Q270,52.216666666667,21.033333333333,Düsseldorf,Q1718,51.231144444444,6.7723805555556,986.7619194231623
939,Leeds - Tenerife,202306,Leeds,Q39121,53.799722222222,-1.5491666666667,Tenerife,Q40846,28.268611111111,-16.605555555556,3092.408646782828
940,Amsterdam - Hanover,201795,Amsterdam,Q727,52.383333333333,4.9,Hanover,Q1715,52.374444444444,9.7386111111111,328.37359896686456
941,Leeds - Faro,201770,Leeds,Q39121,53.799722222222,-1.5491666666667,Faro,Q159457,37.0161111111111,-7.935,1929.763645922587
942,Stockholm - Nice,201768,Stockholm,Q1754,59.329444444444,18.068611111111,Nice,Q33959,43.701944444444,7.2683333333333,1886.0347813352862
943,Dublin - Mallorca,201692,Dublin,Q1761,53.3497222222222,-6.26027777777778,Mallorca,Q8828,39.616666666667,2.9833333333333,1679.817382767689
944,Hamburg - Manchester,201194,Hamburg,Q1055,53.55,10,Manchester,Q18125,53.466666666667,-2.2333333333333,808.0287816638497
945,Lisbon - Stockholm,201062,Lisbon,Q597,38.708042,-9.139016,Stockholm,Q1754,59.329444444444,18.068611111111,2989.907604911764
946,Rome - Verona,200970,Rome,Q220,41.893055555556,12.482777777778,Verona,Q2028,45.4386111111111,10.9927777777778,412.0416415784425
947,Poznań - Warsaw,200487,Poznań,Q268,52.4083333333333,16.9336111111111,Warsaw,Q270,52.216666666667,21.033333333333,279.4733343390234
948,Munich - Tenerife,200258,Munich,Q1726,48.1375,11.575,Tenerife,Q40846,28.268611111111,-16.605555555556,3274.4703744536164
949,Madrid - Granada,199065,Madrid,Q2807,40.418888888889,-3.6919444444444,Granada,Q8810,37.178055555556,-3.6008333333333,360.4512114027706
950,Budapest - Manchester,198950,Budapest,Q1781,47.498333333333,19.040833333333,Manchester,Q18125,53.466666666667,-2.2333333333333,1636.9558236914695
951,Madrid - Donostia-San Sebastián,198468,Madrid,Q2807,40.418888888889,-3.6919444444444,Donostia-San Sebastián,Q10313,43.32,-1.98,352.3393251108673
952,Manchester - Southampton,198390,Manchester,Q18125,53.466666666667,-2.2333333333333,Southampton,Q79848,50.9066666666667,-1.40444444444444,290.2083799822357
953,Amsterdam - Nuremberg,198061,Amsterdam,Q727,52.383333333333,4.9,Nuremberg,Q2090,49.4538888888889,11.0775,541.5685522353536
954,Barcelona - Santander,197452,Barcelona,Q1492,41.3825,2.1769444444444,Santander,Q12233,43.466666666667,-3.8,542.3965377082311
955,"Nottingham - San Bartolomé, Las Palmas",197326,Nottingham,Q41262,52.955,-1.1491666666667,"San Bartolomé, Las Palmas",Q962773,29.0016342148498,-13.6139314665816,2852.1321949944063
956,Milan - Luxembourg,197115,Milan,Q490,45.466944444444,9.19,Luxembourg,Q1842,49.610555555556,6.1327777777778,514.6321928038051
957,Copenhagen - Gdańsk,196870,Copenhagen,Q1748,55.676111111111,12.568888888889,Gdańsk,Q1792,54.366666666667,18.633333333333,412.9194177327403
958,Brussels - Mallorca,196849,Brussels,Q239,50.8466666666667,4.35166666666667,Mallorca,Q8828,39.616666666667,2.9833333333333,1253.2502251873573
959,Frankfurt - Edinburgh,196502,Frankfurt,Q1794,50.113611111111,8.6797222222222,Edinburgh,Q23436,55.95,-3.1988888888889,1023.3455645604846
960,Brussels - Hamburg,196247,Brussels,Q239,50.8466666666667,4.35166666666667,Hamburg,Q1055,53.55,10,488.17455981179137
961,Barcelona - Vigo,196182,Barcelona,Q1492,41.3825,2.1769444444444,Vigo,Q8745,42.235833333333,-8.7266666666667,908.0424337744628
962,Lisbon - Eindhoven,195860,Lisbon,Q597,38.708042,-9.139016,Eindhoven,Q9832,51.434444444444,5.4841666666667,1815.438601935512
963,Tromsø - Bodø,195782,Tromsø,Q26087,69.666667,18.933333,Bodø,Q39383,67.28267,14.37513,323.6352515983619
964,Stuttgart - Thessaloniki,195502,Stuttgart,Q1022,48.776111111111,9.1775,Thessaloniki,Q17151,40.6402777777778,22.9355555555556,1410.62993950048
965,Athens - Chios,194666,Athens,Q1524,37.9841666666667,23.7280555555556,Chios,Q160483,38.4,26.016666666667,205.27750635374764
966,Vienna - Helsinki,194569,Vienna,Q1741,48.20833,16.373064,Helsinki,Q1757,60.17556,24.93417,1439.7685968418716
967,Paris - Brussels,194305,Paris,Q90,48.856944444444,2.3513888888889,Brussels,Q239,50.8466666666667,4.35166666666667,263.6375282203297
968,London - Tralee,193880,London,Q84,51.507222222222,-0.1275,Tralee,Q213358,52.2675,-9.6962,661.6283135501506
969,Stuttgart - Munich,193357,Stuttgart,Q1022,48.776111111111,9.1775,Munich,Q1726,48.1375,11.575,190.51530866681037
970,Stockholm - Timrå,193244,Stockholm,Q1754,59.329444444444,18.068611111111,Timrå,Q504983,62.5,17.333333333333,354.77730864735975
971,Warsaw - Madrid,193151,Warsaw,Q270,52.216666666667,21.033333333333,Madrid,Q2807,40.418888888889,-3.6919444444444,2289.645835551884
972,Turin - Frankfurt,193085,Turin,Q495,45.066666666667,7.7,Frankfurt,Q1794,50.113611111111,8.6797222222222,565.9703907171544
973,Geneva - Edinburgh,192893,Geneva,Q71,46.2,6.15,Edinburgh,Q23436,55.95,-3.1988888888889,1263.1895986943725
974,Bilbao - Tenerife,192876,Bilbao,Q8692,43.262222222222,-2.9533333333333,Tenerife,Q40846,28.268611111111,-16.605555555556,2066.9290878538363
975,Madrid - Nice,192754,Madrid,Q2807,40.418888888889,-3.6919444444444,Nice,Q33959,43.701944444444,7.2683333333333,974.7286664331846
976,Amsterdam - Nantes,192683,Amsterdam,Q727,52.383333333333,4.9,Nantes,Q12191,47.217222222222,-1.5538888888889,737.3316158170338
977,Lisbon - Valencia,192642,Lisbon,Q597,38.708042,-9.139016,Valencia,Q8818,39.47,-0.376388888888889,760.690373356923
978,Turin - Munich,192545,Turin,Q495,45.066666666667,7.7,Munich,Q1726,48.1375,11.575,451.8048660309072
979,Stockholm - Reykjavík,192480,Stockholm,Q1754,59.329444444444,18.068611111111,Reykjavík,Q1764,64.1475,-21.935,2134.1373133074126
980,Frankfurt - Wrocław,192430,Frankfurt,Q1794,50.113611111111,8.6797222222222,Wrocław,Q1799,51.11,17.0325,599.3590128953191
981,London - Nuremberg,192412,London,Q84,51.507222222222,-0.1275,Nuremberg,Q2090,49.4538888888889,11.0775,824.1191410569178
982,Helsinki - Alicante,191898,Helsinki,Q1757,60.17556,24.93417,Alicante,Q11959,38.345277777778,-0.48305555555556,3008.8913427549537
983,Warsaw - Riga,191772,Warsaw,Q270,52.216666666667,21.033333333333,Riga,Q1773,56.9475,24.106944444444,561.955600924543
984,Berlin - Thessaloniki,191274,Berlin,Q64,52.516666666667,13.383333333333,Thessaloniki,Q17151,40.6402777777778,22.9355555555556,1505.9969498268035
985,Tyne and Wear - Bristol,191190,Tyne and Wear,Q23080,54.974,-1.6132,Bristol,Q23154,51.45,-2.5833333333333,397.1303044287339
986,Warsaw - Tallinn,191102,Warsaw,Q270,52.216666666667,21.033333333333,Tallinn,Q1770,59.437222222222,24.745,835.3603849078447
987,Bologna - Brindisi,191079,Bologna,Q1891,44.493888888889,11.342777777778,Brindisi,Q13496,40.638333333333,17.945833333333,689.695334663179
988,Basel - Manchester,190994,Basel,Q78,47.560555555556,7.5905555555556,Manchester,Q18125,53.466666666667,-2.2333333333333,954.3520261222966
989,Hamburg - Stockholm,190821,Hamburg,Q1055,53.55,10,Stockholm,Q1754,59.329444444444,18.068611111111,810.6024133034662
990,Brussels - Faro,190471,Brussels,Q239,50.8466666666667,4.35166666666667,Faro,Q159457,37.0161111111111,-7.935,1820.3143476893372
991,Dortmund - Mallorca,190436,Dortmund,Q1295,51.513888888889,7.4652777777778,Mallorca,Q8828,39.616666666667,2.9833333333333,1367.4777154213382
992,Düsseldorf - Thessaloniki,189983,Düsseldorf,Q1718,51.231144444444,6.7723805555556,Thessaloniki,Q17151,40.6402777777778,22.9355555555556,1710.2981027799779
993,Berlin - Geneva,189599,Berlin,Q64,52.516666666667,13.383333333333,Geneva,Q71,46.2,6.15,875.3052154568846
994,Granada - Mallorca,189541,Granada,Q8810,37.178055555556,-3.6008333333333,Mallorca,Q8828,39.616666666667,2.9833333333333,634.4080974855098
995,Karlsruhe - Mallorca,189179,Karlsruhe,Q1040,49.016666666667,8.4,Mallorca,Q8828,39.616666666667,2.9833333333333,1129.8445202174912
996,Milan - Málaga,189037,Milan,Q490,45.466944444444,9.19,Málaga,Q8851,36.716666666667,-4.4166666666667,1495.3232617772671
997,Stockholm - Kalmar,188372,Stockholm,Q1754,59.329444444444,18.068611111111,Kalmar,Q26345,56.66942341193,16.32178525819,313.15257020253586
998,Düsseldorf - Pristina,188133,Düsseldorf,Q1718,51.231144444444,6.7723805555556,Pristina,Q25270,42.666666666667,21.166666666667,1444.8334044553228
999,Málaga - Gothenburg,188065,Málaga,Q8851,36.716666666667,-4.4166666666667,Gothenburg,Q25287,57.671706102705,11.980966694056,2623.207221188264
1000,Dortmund - Munich,187997,Dortmund,Q1295,51.513888888889,7.4652777777778,Munich,Q1726,48.1375,11.575,477.1907658993215
1001,Basel - Venice,186988,Basel,Q78,47.560555555556,7.5905555555556,Venice,Q641,45.439722222222,12.331944444444,432.6835633069514
1002,Vienna - Tirana,186878,Vienna,Q1741,48.20833,16.373064,Tirana,Q19689,41.33,19.82,811.5766919690823
1003,London - Bremen,186590,London,Q84,51.507222222222,-0.1275,Bremen,Q24879,53.076944444444,8.8088888888889,631.8588286660311
1004,Barcelona - Jerez de la Frontera,186037,Barcelona,Q1492,41.3825,2.1769444444444,Jerez de la Frontera,Q12303,36.7,-6.1166666666667,884.8390366593411
1005,Oslo - Kristiansund,185570,Oslo,Q585,59.911111111111,10.752777777778,Kristiansund,Q109483,63.11152,7.73198,390.17170640982215
1006,Madrid - Manchester,185458,Madrid,Q2807,40.418888888889,-3.6919444444444,Manchester,Q18125,53.466666666667,-2.2333333333333,1454.9873031429956
1007,Amsterdam - Luxembourg,185289,Amsterdam,Q727,52.383333333333,4.9,Luxembourg,Q1842,49.610555555556,6.1327777777778,320.14905077478954
1008,Barcelona - Florence,185048,Barcelona,Q1492,41.3825,2.1769444444444,Florence,Q2044,43.771388888889,11.254166666667,788.7761022354242
1009,Hamburg - Copenhagen,185001,Hamburg,Q1055,53.55,10,Copenhagen,Q1748,55.676111111111,12.568888888889,288.49475195596096
1010,Málaga - Edinburgh,184935,Málaga,Q8851,36.716666666667,-4.4166666666667,Edinburgh,Q23436,55.95,-3.1988888888889,2140.6121854372377
1011,Tyne and Wear - Faro,184758,Tyne and Wear,Q23080,54.974,-1.6132,Faro,Q159457,37.0161111111111,-7.935,2053.633044237915
1012,Reykjavík - Manchester,184742,Reykjavík,Q1764,64.1475,-21.935,Manchester,Q18125,53.466666666667,-2.2333333333333,1629.2498416209735
1013,Lisbon - Budapest,184607,Lisbon,Q597,38.708042,-9.139016,Budapest,Q1781,47.498333333333,19.040833333333,2470.3271138353575
1014,Mallorca - Belfast,184218,Mallorca,Q8828,39.616666666667,2.9833333333333,Belfast,Q10686,54.596388888889,-5.93,1793.7089972218826
1015,Praia da Vitória - Ponta Delgada,183330,Praia da Vitória,Q73046,38.733333333333,-27.066666666667,Ponta Delgada,Q208149,37.74,-25.67,164.55637497284755
1016,Helsinki - Inari,183237,Helsinki,Q1757,60.17556,24.93417,Inari,Q755702,68.9054698,27.0176022,975.677572519917
1017,Stuttgart - Pristina,183230,Stuttgart,Q1022,48.776111111111,9.1775,Pristina,Q25270,42.666666666667,21.166666666667,1150.0963810038354
1018,Basel - Málaga,183030,Basel,Q78,47.560555555556,7.5905555555556,Málaga,Q8851,36.716666666667,-4.4166666666667,1556.3912427711196
1019,Munich - Gran Canaria,182808,Munich,Q1726,48.1375,11.575,Gran Canaria,Q178925,27.958611111111,-15.5925,3238.181596130283
1020,Düsseldorf - Helsinki,182796,Düsseldorf,Q1718,51.231144444444,6.7723805555556,Helsinki,Q1757,60.17556,24.93417,1502.375957873977
1021,Sofia - Madrid,182783,Sofia,Q472,42.697886,23.321726,Madrid,Q2807,40.418888888889,-3.6919444444444,2252.2120486450603
1022,Edinburgh - Southampton,182767,Edinburgh,Q23436,55.95,-3.1988888888889,Southampton,Q79848,50.9066666666667,-1.40444444444444,573.205439011402
1023,Berlin - Warsaw,182698,Berlin,Q64,52.516666666667,13.383333333333,Warsaw,Q270,52.216666666667,21.033333333333,520.2323614178039
1024,Cagliari - Pisa,182455,Cagliari,Q1897,39.216666666667,9.1166666666667,Pisa,Q13375,43.716666666667,10.4,511.65664985799077
1025,Vienna - Bologna,182404,Vienna,Q1741,48.20833,16.373064,Bologna,Q1891,44.493888888889,11.342777777778,565.1324739582926
1026,Rome - Marseille,182221,Rome,Q220,41.893055555556,12.482777777778,Marseille,Q23482,43.296666666667,5.3763888888889,602.0677889232643
1027,Stuttgart - Budapest,181702,Stuttgart,Q1022,48.776111111111,9.1775,Budapest,Q1781,47.498333333333,19.040833333333,745.0178895475074
1028,Venice - Vienna,181620,Venice,Q641,45.439722222222,12.331944444444,Vienna,Q1741,48.20833,16.373064,434.98081803825585
1029,Frankfurt - Fuerteventura,181338,Frankfurt,Q1794,50.113611111111,8.6797222222222,Fuerteventura,Q192534,28.4325,-14.003056,3076.7570005539555
1030,Zagreb - Split,181225,Zagreb,Q1435,45.8130555555556,15.9772222222222,Split,Q1663,43.51,16.45,258.8024963770054
1031,Zürich - Oslo,181029,Zürich,Q72,47.378611111111,8.54,Oslo,Q585,59.911111111111,10.752777777778,1400.96559522627
1032,Geneva - Málaga,180818,Geneva,Q71,46.2,6.15,Málaga,Q8851,36.716666666667,-4.4166666666667,1371.3013364405365
1033,Bilbao - Alicante,180676,Bilbao,Q8692,43.262222222222,-2.9533333333333,Alicante,Q11959,38.345277777778,-0.48305555555556,584.8653556266582
1034,Dublin - Nottingham,180619,Dublin,Q1761,53.3497222222222,-6.26027777777778,Nottingham,Q41262,52.955,-1.1491666666667,343.5601662416309
1035,Copenhagen - Aarhus,180510,Copenhagen,Q1748,55.676111111111,12.568888888889,Aarhus,Q25319,56.156388888889,10.209722222222,156.39951091767034
1036,Milan - Timiș County,180194,Milan,Q490,45.466944444444,9.19,Timiș County,Q185586,45.78,21.35,945.3694668543136
1037,Vilnius - Milan,179954,Vilnius,Q216,54.683333333333,25.283333333333,Milan,Q490,45.466944444444,9.19,1532.6755035793606
1038,Rome - Ibiza,179935,Rome,Q220,41.893055555556,12.482777777778,Ibiza,Q52631,38.98,1.43,989.0481467980208
1039,Geneva - Mallorca,179641,Geneva,Q71,46.2,6.15,Mallorca,Q8828,39.616666666667,2.9833333333333,775.9634234826646
1040,Basel - Warsaw,179342,Basel,Q78,47.560555555556,7.5905555555556,Warsaw,Q270,52.216666666667,21.033333333333,1091.0308710765053
1041,Zürich - Stuttgart,179302,Zürich,Q72,47.378611111111,8.54,Stuttgart,Q1022,48.776111111111,9.1775,162.4506664767749
1042,Venice - Bucharest,179141,Venice,Q641,45.439722222222,12.331944444444,Bucharest,Q19660,44.4,26.083333333333,1087.543419861024
1043,Lyon - Rennes,178955,Lyon,Q456,45.758888888889,4.8413888888889,Rennes,Q647,48.114166666667,-1.6808333333333,559.9257936867856
1044,Oslo - Mallorca,178451,Oslo,Q585,59.911111111111,10.752777777778,Mallorca,Q8828,39.616666666667,2.9833333333333,2320.8891835274426
1045,Dublin - Kraków,178124,Dublin,Q1761,53.3497222222222,-6.26027777777778,Kraków,Q31487,50.061388888889,19.937222222222,1830.9086327632506
1046,Amsterdam - Southampton,178109,Amsterdam,Q727,52.383333333333,4.9,Southampton,Q79848,50.9066666666667,-1.40444444444444,464.7735337771175
1047,Málaga - Tenerife,178081,Málaga,Q8851,36.716666666667,-4.4166666666667,Tenerife,Q40846,28.268611111111,-16.605555555556,1477.3674939844852
1048,Munich - Málaga,177852,Munich,Q1726,48.1375,11.575,Málaga,Q8851,36.716666666667,-4.4166666666667,1819.4467741149574
1049,Cologne - Lisbon,177697,Cologne,Q365,50.942222222222,6.9577777777778,Lisbon,Q597,38.708042,-9.139016,1852.7405933959374
1050,Helsinki - Tenerife,177685,Helsinki,Q1757,60.17556,24.93417,Tenerife,Q40846,28.268611111111,-16.605555555556,4711.967716947118
1051,London - Rotterdam,177494,London,Q84,51.507222222222,-0.1275,Rotterdam,Q34370,51.9225,4.47917,320.6563999656319
1052,Frankfurt - Linz,177474,Frankfurt,Q1794,50.113611111111,8.6797222222222,Linz,Q41329,48.3,14.283333333333,454.13958038175804
1053,Rome - Oslo,177401,Rome,Q220,41.893055555556,12.482777777778,Oslo,Q585,59.911111111111,10.752777777778,2007.020244685004
1054,Thessaloniki - Paphos District,177121,Thessaloniki,Q17151,40.6402777777778,22.9355555555556,Paphos District,Q59133,34.77682,32.419736,1057.776167928785
1055,Madrid - Pamplona,176999,Madrid,Q2807,40.418888888889,-3.6919444444444,Pamplona,Q10282,42.816666666667,-1.65,316.04481733758485
1056,Brussels - Naples,176577,Brussels,Q239,50.8466666666667,4.35166666666667,Naples,Q2634,40.833333333333,14.25,1349.3206426448942
1057,Amsterdam - Belgrade,176542,Amsterdam,Q727,52.383333333333,4.9,Belgrade,Q3711,44.816666666667,20.466666666667,1415.77868689029
1058,Milan - Alicante,176040,Milan,Q490,45.466944444444,9.19,Alicante,Q11959,38.345277777778,-0.48305555555556,1124.4553165512432
1059,London - Hanover,175882,London,Q84,51.507222222222,-0.1275,Hanover,Q1715,52.374444444444,9.7386111111111,682.6010995604739
1060,Prague - Vienna,175742,Prague,Q1085,50.083333333333,14.416666666667,Vienna,Q1741,48.20833,16.373064,252.40489040845398
1061,London - Košice,175691,London,Q84,51.507222222222,-0.1275,Košice,Q25409,48.716666666667,21.25,1549.7458510043648
1062,Oslo - Billund,175611,Oslo,Q585,59.911111111111,10.752777777778,Billund,Q1701099,55.730833333333,9.1152777777778,474.7953990952858
1063,Sofia - Barcelona,175321,Sofia,Q472,42.697886,23.321726,Barcelona,Q1492,41.3825,2.1769444444444,1747.7004298703116
1064,Aberdeen - Shetland Islands,175276,Aberdeen,Q36405,57.15,-2.1,Shetland Islands,Q47134,60.35685,-1.26068,359.8494416811217
1065,Bologna - Valencia,175235,Bologna,Q1891,44.493888888889,11.342777777778,Valencia,Q8818,39.47,-0.376388888888889,1116.6361700185084
1066,Eindhoven - Ibiza,175101,Eindhoven,Q9832,51.434444444444,5.4841666666667,Ibiza,Q52631,38.98,1.43,1420.2528983133486
1067,Vilnius - Oslo,174786,Vilnius,Q216,54.683333333333,25.283333333333,Oslo,Q585,59.911111111111,10.752777777778,1045.3171397502135
1068,Munich - Edinburgh,174688,Munich,Q1726,48.1375,11.575,Edinburgh,Q23436,55.95,-3.1988888888889,1327.6635294293856
1069,Eindhoven - Kraków,174617,Eindhoven,Q9832,51.434444444444,5.4841666666667,Kraków,Q31487,50.061388888889,19.937222222222,1026.5352751238408
1070,Vienna - Málaga,174585,Vienna,Q1741,48.20833,16.373064,Málaga,Q8851,36.716666666667,-4.4166666666667,2119.495475750651
1071,Lisbon - Stuttgart,174579,Lisbon,Q597,38.708042,-9.139016,Stuttgart,Q1022,48.776111111111,9.1775,1840.8421275058479
1072,Bologna - Bari,174514,Bologna,Q1891,44.493888888889,11.342777777778,Bari,Q3519,41.125277777778,16.866666666667,585.7229410150011
1073,Madrid - Edinburgh,174446,Madrid,Q2807,40.418888888889,-3.6919444444444,Edinburgh,Q23436,55.95,-3.1988888888889,1727.358980625708
1074,Málaga - Gran Canaria,174265,Málaga,Q8851,36.716666666667,-4.4166666666667,Gran Canaria,Q178925,27.958611111111,-15.5925,1430.0647463457642
1075,Nantes - Porto,174136,Nantes,Q12191,47.217222222222,-1.5538888888889,Porto,Q36433,41.149472222222,-8.6107777777778,877.8047980282513
1076,Stuttgart - Copenhagen,173940,Stuttgart,Q1022,48.776111111111,9.1775,Copenhagen,Q1748,55.676111111111,12.568888888889,801.0172805563842
1077,Birmingham - Gran Canaria,173780,Birmingham,Q2256,52.48,-1.9025,Gran Canaria,Q178925,27.958611111111,-15.5925,2952.5337142737158
1078,London - Ljubljana,173517,London,Q84,51.507222222222,-0.1275,Ljubljana,Q437,46.05,14.516666666667,1229.5607706631083
1079,Dublin - Nice,173351,Dublin,Q1761,53.3497222222222,-6.26027777777778,Nice,Q33959,43.701944444444,7.2683333333333,1459.2775513553572
1080,Zagreb - Vienna,172959,Zagreb,Q1435,45.8130555555556,15.9772222222222,Vienna,Q1741,48.20833,16.373064,268.0273288482882
1081,Oslo - Alta,172768,Oslo,Q585,59.911111111111,10.752777777778,Alta,Q6535,69.976666666667,23.295833333333,1259.8574816709288
1082,"Barcelona - San Bartolomé, Las Palmas",172698,Barcelona,Q1492,41.3825,2.1769444444444,"San Bartolomé, Las Palmas",Q962773,29.0016342148498,-13.6139314665816,1982.409653328648
1083,Oslo - Vienna,172422,Oslo,Q585,59.911111111111,10.752777777778,Vienna,Q1741,48.20833,16.373064,1350.8114482156163
1084,Alicante - Rotterdam,172377,Alicante,Q11959,38.345277777778,-0.48305555555556,Rotterdam,Q34370,51.9225,4.47917,1558.1587095016653
1085,Málaga - Rotterdam,172117,Málaga,Q8851,36.716666666667,-4.4166666666667,Rotterdam,Q34370,51.9225,4.47917,1829.70245250001
1086,Basel - Nantes,171746,Basel,Q78,47.560555555556,7.5905555555556,Nantes,Q12191,47.217222222222,-1.5538888888889,689.0619906065901
1087,Amsterdam - Bremen,171664,Amsterdam,Q727,52.383333333333,4.9,Bremen,Q24879,53.076944444444,8.8088888888889,274.237079159278
1088,Paris - Turin,171604,Paris,Q90,48.856944444444,2.3513888888889,Turin,Q495,45.066666666667,7.7,584.8535992103566
1089,Barcelona - Edinburgh,171593,Barcelona,Q1492,41.3825,2.1769444444444,Edinburgh,Q23436,55.95,-3.1988888888889,1665.9971497532824
1090,Helsinki - Manchester,171452,Helsinki,Q1757,60.17556,24.93417,Manchester,Q18125,53.466666666667,-2.2333333333333,1796.885989431578
1091,Barcelona - Fuerteventura,171065,Barcelona,Q1492,41.3825,2.1769444444444,Fuerteventura,Q192534,28.4325,-14.003056,2054.940421768913
1092,Manchester - Heraklion,170986,Manchester,Q18125,53.466666666667,-2.2333333333333,Heraklion,Q160544,35.3402777777778,25.1344444444444,2931.1072564977007
1093,Berlin - Bucharest,170605,Berlin,Q64,52.516666666667,13.383333333333,Bucharest,Q19660,44.4,26.083333333333,1297.1201201600438
1094,Paris - Zagreb,170580,Paris,Q90,48.856944444444,2.3513888888889,Zagreb,Q1435,45.8130555555556,15.9772222222222,1079.396877046357
1095,Glasgow - Southampton,170523,Glasgow,Q4093,55.8611111111111,-4.25,Southampton,Q79848,50.9066666666667,-1.40444444444444,582.2121478513897
1096,Paris - Bristol,170302,Paris,Q90,48.856944444444,2.3513888888889,Bristol,Q23154,51.45,-2.5833333333333,454.5211448307378
1097,Brussels - Sofia,170254,Brussels,Q239,50.8466666666667,4.35166666666667,Sofia,Q472,42.697886,23.321726,1697.8221639346536
1098,Düsseldorf - Ibiza,170125,Düsseldorf,Q1718,51.231144444444,6.7723805555556,Ibiza,Q52631,38.98,1.43,1424.3600275924284
1099,Bologna - Lamezia Terme,170119,Bologna,Q1891,44.493888888889,11.342777777778,Lamezia Terme,Q53643,38.966666666667,16.3,739.232503972957
1100,Zürich - Florence,169975,Zürich,Q72,47.378611111111,8.54,Florence,Q2044,43.771388888889,11.254166666667,453.2645270647355
1101,Stuttgart - Bremen,169789,Stuttgart,Q1022,48.776111111111,9.1775,Bremen,Q24879,53.076944444444,8.8088888888889,478.9271128883003
1102,Munich - Leipzig,169786,Munich,Q1726,48.1375,11.575,Leipzig,Q2079,51.333333333333,12.383333333333,360.0717396836956
1103,London - Newquay,169748,London,Q84,51.507222222222,-0.1275,Newquay,Q943517,50.412,-5.0757,367.24906961810507
1104,Düsseldorf - Dresden,169710,Düsseldorf,Q1718,51.231144444444,6.7723805555556,Dresden,Q1731,51.05,13.74,486.3312604537365
1105,Stockholm - Manchester,169608,Stockholm,Q1754,59.329444444444,18.068611111111,Manchester,Q18125,53.466666666667,-2.2333333333333,1401.3936435058235
1106,Turin - Bari,169596,Turin,Q495,45.066666666667,7.7,Bari,Q3519,41.125277777778,16.866666666667,862.9629407484855
1107,Barcelona - Villanubla,169375,Barcelona,Q1492,41.3825,2.1769444444444,Villanubla,Q1651671,41.711388888889,-4.8447222222222,585.321691267918
1108,London - Zakynthos,169178,London,Q84,51.507222222222,-0.1275,Zakynthos,Q144880,37.8,20.75,2232.512031611007
1109,Montpellier - Nantes,169164,Montpellier,Q6441,43.610919444444,3.8772305555556,Nantes,Q12191,47.217222222222,-1.5538888888889,583.2778363375027
1110,Amsterdam - Catania,168990,Amsterdam,Q727,52.383333333333,4.9,Catania,Q1903,37.502669444444,15.087269444444,1834.5126450954272
1111,Paris - Kraków,168777,Paris,Q90,48.856944444444,2.3513888888889,Kraków,Q31487,50.061388888889,19.937222222222,1275.07100997114
1112,Bologna - Tirana,168698,Bologna,Q1891,44.493888888889,11.342777777778,Tirana,Q19689,41.33,19.82,774.3095898059112
1113,Innsbruck - Frankfurt,168135,Innsbruck,Q1735,47.268333333333,11.393333333333,Frankfurt,Q1794,50.113611111111,8.6797222222222,373.80137972049334
1114,Paris - Nuremberg,167781,Paris,Q90,48.856944444444,2.3513888888889,Nuremberg,Q2090,49.4538888888889,11.0775,637.6842865639136
1115,Saint-Denis - Dzaoudzi,167593,Saint-Denis,Q47045,-20.878888888889,55.448055555556,Dzaoudzi,Q846048,-12.788333333333,45.2725,1406.9296759290892
1116,Hanover - Gran Canaria,166851,Hanover,Q1715,52.374444444444,9.7386111111111,Gran Canaria,Q178925,27.958611111111,-15.5925,3427.777276088366
1117,Helsinki - Vaasa,166780,Helsinki,Q1757,60.17556,24.93417,Vaasa,Q125080,63.1,21.616666666667,369.28448874799693
1118,London - Lublin,166690,London,Q84,51.507222222222,-0.1275,Lublin,Q37333,51.233333333333,22.566666666667,1569.3421414278282
1119,Paris - Stuttgart,166608,Paris,Q90,48.856944444444,2.3513888888889,Stuttgart,Q1022,48.776111111111,9.1775,499.71349933881476
1120,Amsterdam - Norwich,166559,Amsterdam,Q727,52.383333333333,4.9,Norwich,Q130191,52.628056,1.299167,245.20171316210133
1121,Berlin - Catania,166424,Berlin,Q64,52.516666666667,13.383333333333,Catania,Q1903,37.502669444444,15.087269444444,1674.7247787592928
1122,London - Chișinău,166404,London,Q84,51.507222222222,-0.1275,Chișinău,Q21197,47.0227777777778,28.8352777777778,2144.6841683099815
1123,Lyon - Brest,166244,Lyon,Q456,45.758888888889,4.8413888888889,Brest,Q12193,48.39,-4.4869444444444,763.9703975488188
1124,Frankfurt - Catania,165744,Frankfurt,Q1794,50.113611111111,8.6797222222222,Catania,Q1903,37.502669444444,15.087269444444,1492.1773127662789
1125,Brussels - Bordeaux,165742,Brussels,Q239,50.8466666666667,4.35166666666667,Bordeaux,Q1479,44.837777777778,-0.57944444444444,762.3955549945467
1126,Paris - Tyne and Wear,165591,Paris,Q90,48.856944444444,2.3513888888889,Tyne and Wear,Q23080,54.974,-1.6132,732.2319290509163
1127,Venice - Bristol,165589,Venice,Q641,45.439722222222,12.331944444444,Bristol,Q23154,51.45,-2.5833333333333,1283.667592150359
1128,Munich - Cluj-Napoca,165219,Munich,Q1726,48.1375,11.575,Cluj-Napoca,Q100188,46.78,23.559444444444,912.587404614577
1129,London - Almería,165089,London,Q84,51.507222222222,-0.1275,Almería,Q10400,36.84,-2.4675,1641.342090357041
1130,Rome - Pisa,164741,Rome,Q220,41.893055555556,12.482777777778,Pisa,Q13375,43.716666666667,10.4,264.5357204951418
1131,Lisbon - Nice,164567,Lisbon,Q597,38.708042,-9.139016,Nice,Q33959,43.701944444444,7.2683333333333,1477.4570950304844
1132,Gran Canaria - La Palma,164387,Gran Canaria,Q178925,27.958611111111,-15.5925,La Palma,Q201689,28.666666666667,-17.866666666667,236.13166087252867
1133,Basel - Gran Canaria,164184,Basel,Q78,47.560555555556,7.5905555555556,Gran Canaria,Q178925,27.958611111111,-15.5925,2961.177453394821
1134,London - Nantes,163742,London,Q84,51.507222222222,-0.1275,Nantes,Q12191,47.217222222222,-1.5538888888889,488.0567627353192
1135,Athens - Belgrade,163197,Athens,Q1524,37.9841666666667,23.7280555555556,Belgrade,Q3711,44.816666666667,20.466666666667,806.7855062749719
1136,Bordeaux - Madrid,163121,Bordeaux,Q1479,44.837777777778,-0.57944444444444,Madrid,Q2807,40.418888888889,-3.6919444444444,553.313262777491
1137,Birmingham - Fuerteventura,162625,Birmingham,Q2256,52.48,-1.9025,Fuerteventura,Q192534,28.4325,-14.003056,2854.3172679264344
1138,Amsterdam - Cardiff,162076,Amsterdam,Q727,52.383333333333,4.9,Cardiff,Q10690,51.48,-3.18,562.7081508361821
1139,Pisa - Tirana,162049,Pisa,Q13375,43.716666666667,10.4,Tirana,Q19689,41.33,19.82,815.7592338608108
1140,London - Rzeszów,161943,London,Q84,51.507222222222,-0.1275,Rzeszów,Q598,50.05,22,1558.1867038060816
1141,Toulouse - Nice,161873,Toulouse,Q7880,43.604444444444,1.4438888888889,Nice,Q33959,43.701944444444,7.2683333333333,468.62384336208237
1142,Amsterdam - Riga,161103,Amsterdam,Q727,52.383333333333,4.9,Riga,Q1773,56.9475,24.106944444444,1329.716096972109
1143,Hamburg - Nuremberg,160340,Hamburg,Q1055,53.55,10,Nuremberg,Q2090,49.4538888888889,11.0775,461.5185784903953
1144,Warsaw - Lisbon,160315,Warsaw,Q270,52.216666666667,21.033333333333,Lisbon,Q597,38.708042,-9.139016,2760.927498055135
1145,"Bristol - San Bartolomé, Las Palmas",160249,Bristol,Q23154,51.45,-2.5833333333333,"San Bartolomé, Las Palmas",Q962773,29.0016342148498,-13.6139314665816,2659.130099744753
1146,Paris - Hanover,160249,Paris,Q90,48.856944444444,2.3513888888889,Hanover,Q1715,52.374444444444,9.7386111111111,651.114311164771
1147,Venice - Manchester,160215,Venice,Q641,45.439722222222,12.331944444444,Manchester,Q18125,53.466666666667,-2.2333333333333,1375.6596256410955
1148,Alicante - Gothenburg,159713,Alicante,Q11959,38.345277777778,-0.48305555555556,Gothenburg,Q25287,57.671706102705,11.980966694056,2331.839122628645
1149,Florence - Madrid,159633,Florence,Q2044,43.771388888889,11.254166666667,Madrid,Q2807,40.418888888889,-3.6919444444444,1286.2308277786976
1150,Stuttgart - Heraklion,159603,Stuttgart,Q1022,48.776111111111,9.1775,Heraklion,Q160544,35.3402777777778,25.1344444444444,1983.685654399013
1151,Warsaw - Szczecin,159530,Warsaw,Q270,52.216666666667,21.033333333333,Szczecin,Q393,53.424722222222,14.555277777778,455.36901500230414
1152,Vilnius - Stockholm,159500,Vilnius,Q216,54.683333333333,25.283333333333,Stockholm,Q1754,59.329444444444,18.068611111111,675.8100093636401
1153,Vienna - Sarajevo,159292,Vienna,Q1741,48.20833,16.373064,Sarajevo,Q11194,43.8563333333333,18.4132222222222,508.85379470712996
1154,Brussels - Heraklion,158894,Brussels,Q239,50.8466666666667,4.35166666666667,Heraklion,Q160544,35.3402777777778,25.1344444444444,2396.4257196965477
1155,Oslo - Prague,158773,Oslo,Q585,59.911111111111,10.752777777778,Prague,Q1085,50.083333333333,14.416666666667,1117.076230983135
1156,Venice - Prague,158738,Venice,Q641,45.439722222222,12.331944444444,Prague,Q1085,50.083333333333,14.416666666667,539.2894013616968
1157,Hanover - Heraklion,158721,Hanover,Q1715,52.374444444444,9.7386111111111,Heraklion,Q160544,35.3402777777778,25.1344444444444,2250.449977067789
1158,Saint Martin - Pointe-à-Pitre,158622,Saint Martin,Q25596,18.066666666667,-63.05,Pointe-à-Pitre,Q335322,16.241111111111,-61.533055555556,259.1910319369186
1159,Bergen - Sandefjord,158525,Bergen,Q26793,60.3925,5.3233333333333,Sandefjord,Q109005,59.12881,10.21971,307.99829257412296
1160,Paris - Catania,158503,Paris,Q90,48.856944444444,2.3513888888889,Catania,Q1903,37.502669444444,15.087269444444,1626.5430036594028
1161,Amsterdam - Kos,158451,Amsterdam,Q727,52.383333333333,4.9,Kos,Q187027,36.815277777778,27.110277777778,2448.4669509241207
1162,Reykjavík - Akureyri,158105,Reykjavík,Q1764,64.1475,-21.935,Akureyri,Q29042,65.683333333333,-18.1,248.61752149460253
1163,Cologne - Dublin,158003,Cologne,Q365,50.942222222222,6.9577777777778,Dublin,Q1761,53.3497222222222,-6.26027777777778,939.2479880913264
1164,Rotterdam - Faro,157886,Rotterdam,Q34370,51.9225,4.47917,Faro,Q159457,37.0161111111111,-7.935,1922.1098946363506
1165,Prague - Burgas,157804,Prague,Q1085,50.083333333333,14.416666666667,Burgas,Q6509,42.502965,27.470179,1306.8232520286485
1166,Copenhagen - Chania,157615,Copenhagen,Q1748,55.676111111111,12.568888888889,Chania,Q182299,35.516666666667,24.016666666667,2404.751831437765
1167,Basel - Toulouse,157596,Basel,Q78,47.560555555556,7.5905555555556,Toulouse,Q7880,43.604444444444,1.4438888888889,649.4983742174566
1168,Amsterdam - Zagreb,157505,Amsterdam,Q727,52.383333333333,4.9,Zagreb,Q1435,45.8130555555556,15.9772222222222,1086.0312915458599
1169,Manchester - Rhodes,157208,Manchester,Q18125,53.466666666667,-2.2333333333333,Rhodes,Q43048,36.166666666667,28,3024.8289720566804
1170,Frankfurt - Verona,157169,Frankfurt,Q1794,50.113611111111,8.6797222222222,Verona,Q2028,45.4386111111111,10.9927777777778,547.7474114964822
1171,Amsterdam - Cork,157086,Amsterdam,Q727,52.383333333333,4.9,Cork,Q36647,51.9,-8.4730555555556,912.8736696906557
1172,London - Florence,157038,London,Q84,51.507222222222,-0.1275,Florence,Q2044,43.771388888889,11.254166666667,1208.59274538919
1173,Athens - Düsseldorf,157004,Athens,Q1524,37.9841666666667,23.7280555555556,Düsseldorf,Q1718,51.231144444444,6.7723805555556,1983.2713019019577
1174,Stuttgart - Hanover,156630,Stuttgart,Q1022,48.776111111111,9.1775,Hanover,Q1715,52.374444444444,9.7386111111111,402.0706970746066
1175,Basel - Catania,156598,Basel,Q78,47.560555555556,7.5905555555556,Catania,Q1903,37.502669444444,15.087269444444,1274.5451184632518
1176,Barcelona - Nantes,156059,Barcelona,Q1492,41.3825,2.1769444444444,Nantes,Q12191,47.217222222222,-1.5538888888889,713.2851960829515
1177,Brussels - Pisa,156038,Brussels,Q239,50.8466666666667,4.35166666666667,Pisa,Q13375,43.716666666667,10.4,914.0081685330265
1178,Paderborn - Mallorca,156034,Paderborn,Q2971,51.7166666666667,8.76666666666667,Mallorca,Q8828,39.616666666667,2.9833333333333,1417.3995359181813
1179,Belfast - Leeds,155964,Belfast,Q10686,54.596388888889,-5.93,Leeds,Q39121,53.799722222222,-1.5491666666667,298.35542821416135
1180,Amsterdam - Belfast,155872,Amsterdam,Q727,52.383333333333,4.9,Belfast,Q10686,54.596388888889,-5.93,756.6387262895245
1181,Porto - Faro,155821,Porto,Q36433,41.149472222222,-8.6107777777778,Faro,Q159457,37.0161111111111,-7.935,463.2912022919958
1182,London - Debrecen,155740,London,Q84,51.507222222222,-0.1275,Debrecen,Q79880,47.53,21.639166666667,1625.497641657251
1183,Lisbon - Bologna,155453,Lisbon,Q597,38.708042,-9.139016,Bologna,Q1891,44.493888888889,11.342777777778,1814.4858048083834
1184,Zürich - Nuremberg,155433,Zürich,Q72,47.378611111111,8.54,Nuremberg,Q2090,49.4538888888889,11.0775,297.1525623406354
1185,Málaga - Cork,155389,Málaga,Q8851,36.716666666667,-4.4166666666667,Cork,Q36647,51.9,-8.4730555555556,1718.1946563595966
1186,London - Guernsey,155221,London,Q84,51.507222222222,-0.1275,Guernsey,Q25230,49.45,-2.5833333333333,287.2385961266749
1187,Brussels - Bilbao,154684,Brussels,Q239,50.8466666666667,4.35166666666667,Bilbao,Q8692,43.262222222222,-2.9533333333333,1007.613827332379
1188,Amsterdam - Trondheim,154626,Amsterdam,Q727,52.383333333333,4.9,Trondheim,Q25804,63.44,10.4,1270.5107342479441
1189,Bucharest - Larnaca,153979,Bucharest,Q19660,44.4,26.083333333333,Larnaca,Q171882,34.916666666667,33.633333333333,1235.5270202565066
1190,Split - Frankfurt,153830,Split,Q1663,43.51,16.45,Frankfurt,Q1794,50.113611111111,8.6797222222222,941.733037004573
1191,Mallorca - Santiago de Compostela,153663,Mallorca,Q8828,39.616666666667,2.9833333333333,Santiago de Compostela,Q14314,42.883333333333,-8.5333333333333,1027.9798748179956
1192,Rome - Belgrade,153660,Rome,Q220,41.893055555556,12.482777777778,Belgrade,Q3711,44.816666666667,20.466666666667,722.3009218157455
1193,"Düsseldorf - San Bartolomé, Las Palmas",152831,Düsseldorf,Q1718,51.231144444444,6.7723805555556,"San Bartolomé, Las Palmas",Q962773,29.0016342148498,-13.6139314665816,2997.117238273005
1194,Mallorca - Bremen,152777,Mallorca,Q8828,39.616666666667,2.9833333333333,Bremen,Q24879,53.076944444444,8.8088888888889,1560.7856671916556
1195,Dublin - Naples,152636,Dublin,Q1761,53.3497222222222,-6.26027777777778,Naples,Q2634,40.833333333333,14.25,2071.5110990794833
1196,Munich - Reykjavík,152151,Munich,Q1726,48.1375,11.575,Reykjavík,Q1764,64.1475,-21.935,2679.6121450864857
1197,Mallorca - Eindhoven,151996,Mallorca,Q8828,39.616666666667,2.9833333333333,Eindhoven,Q9832,51.434444444444,5.4841666666667,1328.232179907323
1198,Düsseldorf - Budapest,151992,Düsseldorf,Q1718,51.231144444444,6.7723805555556,Budapest,Q1781,47.498333333333,19.040833333333,978.9872347635336
1199,Dortmund - Bucharest,151964,Dortmund,Q1295,51.513888888889,7.4652777777778,Bucharest,Q19660,44.4,26.083333333333,1589.6370875643997
1200,Basel - Prague,151844,Basel,Q78,47.560555555556,7.5905555555556,Prague,Q1085,50.083333333333,14.416666666667,572.7759359306956
1201,London - Kos,151600,London,Q84,51.507222222222,-0.1275,Kos,Q187027,36.815277777778,27.110277777778,2692.0018173374056
1202,Dublin - Gran Canaria,151537,Dublin,Q1761,53.3497222222222,-6.26027777777778,Gran Canaria,Q178925,27.958611111111,-15.5925,2925.3376709207605
1203,Rome - Toulouse,151491,Rome,Q220,41.893055555556,12.482777777778,Toulouse,Q7880,43.604444444444,1.4438888888889,920.4996016713139
1204,Dublin - Riga,151488,Dublin,Q1761,53.3497222222222,-6.26027777777778,Riga,Q1773,56.9475,24.106944444444,1953.4202834628186
1205,Amsterdam - Gdańsk,151450,Amsterdam,Q727,52.383333333333,4.9,Gdańsk,Q1792,54.366666666667,18.633333333333,935.6794862340855
1206,Vienna - Thessaloniki,151388,Vienna,Q1741,48.20833,16.373064,Thessaloniki,Q17151,40.6402777777778,22.9355555555556,988.9826306302705
1207,Manchester - Corfu,151372,Manchester,Q18125,53.466666666667,-2.2333333333333,Corfu,Q121378,39.623888888889,19.82,2266.0734880808213
1208,Stockholm - Dublin,151354,Stockholm,Q1754,59.329444444444,18.068611111111,Dublin,Q1761,53.3497222222222,-6.26027777777778,1628.2624028746059
1209,Santiago de Compostela - Tenerife,150791,Santiago de Compostela,Q14314,42.883333333333,-8.5333333333333,Tenerife,Q40846,28.268611111111,-16.605555555556,1779.3890158369877
1210,Copenhagen - Vágar,150680,Copenhagen,Q1748,55.676111111111,12.568888888889,Vágar,Q207675,62.083333333333,-7.2666666666667,1336.073456344846
1211,Vienna - Valencia,150481,Vienna,Q1741,48.20833,16.373064,Valencia,Q8818,39.47,-0.376388888888889,1652.084070164932
1212,Geneva - Pristina,150455,Geneva,Q71,46.2,6.15,Pristina,Q25270,42.666666666667,21.166666666667,1253.104422318291
1213,Warsaw - Katowice,150089,Warsaw,Q270,52.216666666667,21.033333333333,Katowice,Q588,50.25,19,260.48487794016876
1214,Oslo - Hamburg,149936,Oslo,Q585,59.911111111111,10.752777777778,Hamburg,Q1055,53.55,10,708.8011238561699
1215,Amsterdam - Seville,149789,Amsterdam,Q727,52.383333333333,4.9,Seville,Q8717,37.383333333333,-5.9833333333333,1870.6554466281684
1216,Kristiansand - Bergen,149702,Kristiansand,Q2415,58.14672222,7.99561111,Bergen,Q26793,60.3925,5.3233333333333,292.20578153933593
1217,Paris - Luxembourg,149417,Paris,Q90,48.856944444444,2.3513888888889,Luxembourg,Q1842,49.610555555556,6.1327777777778,287.023902479624
1218,Katowice - Eindhoven,149384,Katowice,Q588,50.25,19,Eindhoven,Q9832,51.434444444444,5.4841666666667,956.7049373336837
1219,London - Cagliari,149286,London,Q84,51.507222222222,-0.1275,Cagliari,Q1897,39.216666666667,9.1166666666667,1542.9196696723354
1220,Paris - Rennes,149007,Paris,Q90,48.856944444444,2.3513888888889,Rennes,Q647,48.114166666667,-1.6808333333333,308.40024110126785
1221,Helsinki - Chania,148921,Helsinki,Q1757,60.17556,24.93417,Chania,Q182299,35.516666666667,24.016666666667,2742.740591140137
1222,Lisbon - Venice,148901,Lisbon,Q597,38.708042,-9.139016,Venice,Q641,45.439722222222,12.331944444444,1916.2047331396327
1223,Prague - Heraklion,148844,Prague,Q1085,50.083333333333,14.416666666667,Heraklion,Q160544,35.3402777777778,25.1344444444444,1854.227243839416
1224,Glasgow - Faro,148149,Glasgow,Q4093,55.8611111111111,-4.25,Faro,Q159457,37.0161111111111,-7.935,2113.6689262470813
1225,Alicante - Santiago de Compostela,148010,Alicante,Q11959,38.345277777778,-0.48305555555556,Santiago de Compostela,Q14314,42.883333333333,-8.5333333333333,845.7412248909641
1226,Prague - Málaga,147888,Prague,Q1085,50.083333333333,14.416666666667,Málaga,Q8851,36.716666666667,-4.4166666666667,2115.5692280828216
1227,Munich - Gdańsk,147879,Munich,Q1726,48.1375,11.575,Gdańsk,Q1792,54.366666666667,18.633333333333,848.2621170176391
1228,Manchester - Mahon,147311,Manchester,Q18125,53.466666666667,-2.2333333333333,Mahon,Q49550,39.889444444444,4.2641666666667,1587.3836803634
1229,Edinburgh - Kraków,146996,Edinburgh,Q23436,55.95,-3.1988888888889,Kraków,Q31487,50.061388888889,19.937222222222,1670.6689260841065
1230,Helsinki - Madrid,146906,Helsinki,Q1757,60.17556,24.93417,Madrid,Q2807,40.418888888889,-3.6919444444444,2947.8251397073573
1231,Paris - Palermo,146862,Paris,Q90,48.856944444444,2.3513888888889,Palermo,Q2656,38.115658,13.361262,1485.1894163378831
1232,"Glasgow - San Bartolomé, Las Palmas",146837,Glasgow,Q4093,55.8611111111111,-4.25,"San Bartolomé, Las Palmas",Q962773,29.0016342148498,-13.6139314665816,3077.5916558570643
1233,Hamburg - Tenerife,146747,Hamburg,Q1055,53.55,10,Tenerife,Q40846,28.268611111111,-16.605555555556,3549.033056655942
1234,Munich - Catania,146439,Munich,Q1726,48.1375,11.575,Catania,Q1903,37.502669444444,15.087269444444,1216.3914596149148
1235,Prague - Edinburgh,146200,Prague,Q1085,50.083333333333,14.416666666667,Edinburgh,Q23436,55.95,-3.1988888888889,1341.4455641288043
1236,Paris - Calvi,146099,Paris,Q90,48.856944444444,2.3513888888889,Calvi,Q202439,42.567777777778,8.7566666666667,857.4520523011864
1237,Dublin - Reykjavík,146019,Dublin,Q1761,53.3497222222222,-6.26027777777778,Reykjavík,Q1764,64.1475,-21.935,1494.4460971753422
1238,Geneva - Dublin,145835,Geneva,Q71,46.2,6.15,Dublin,Q1761,53.3497222222222,-6.26027777777778,1191.2453376016174
1239,Paris - Riga,145817,Paris,Q90,48.856944444444,2.3513888888889,Riga,Q1773,56.9475,24.106944444444,1702.9707101411125
1240,Frankfurt - Friedrichshafen,145719,Frankfurt,Q1794,50.113611111111,8.6797222222222,Friedrichshafen,Q4051,47.654166666667,9.4791666666667,279.651146537983
1241,Zürich - Skopje,145515,Zürich,Q72,47.378611111111,8.54,Skopje,Q384,41.983333333333,21.433333333333,1180.6262081499208
1242,London - Timiș County,145460,London,Q84,51.507222222222,-0.1275,Timiș County,Q185586,45.78,21.35,1693.8137028808446
1243,Helsinki - Kraków,145290,Helsinki,Q1757,60.17556,24.93417,Kraków,Q31487,50.061388888889,19.937222222222,1167.8491716408726
1244,Amsterdam - Zakynthos,145083,Amsterdam,Q727,52.383333333333,4.9,Zakynthos,Q144880,37.8,20.75,2034.4590753508244
1245,"Tyne and Wear - San Bartolomé, Las Palmas",145016,Tyne and Wear,Q23080,54.974,-1.6132,"San Bartolomé, Las Palmas",Q962773,29.0016342148498,-13.6139314665816,3043.709463219035
1246,Düsseldorf - Nuremberg,144984,Düsseldorf,Q1718,51.231144444444,6.7723805555556,Nuremberg,Q2090,49.4538888888889,11.0775,363.76457874137304
1247,Madrid - La Palma,144962,Madrid,Q2807,40.418888888889,-3.6919444444444,La Palma,Q201689,28.666666666667,-17.866666666667,1837.422637971694
1248,Oslo - Manchester,144815,Oslo,Q585,59.911111111111,10.752777777778,Manchester,Q18125,53.466666666667,-2.2333333333333,1065.4744305162521
1249,Zürich - Manchester,144766,Zürich,Q72,47.378611111111,8.54,Manchester,Q18125,53.466666666667,-2.2333333333333,1018.2464125385769
1250,Cagliari - Verona,144748,Cagliari,Q1897,39.216666666667,9.1166666666667,Verona,Q2028,45.4386111111111,10.9927777777778,708.773841791328
1251,Barcelona - Eindhoven,144409,Barcelona,Q1492,41.3825,2.1769444444444,Eindhoven,Q9832,51.434444444444,5.4841666666667,1145.8131317349864
1252,London - Craiova,143766,London,Q84,51.507222222222,-0.1275,Craiova,Q168057,44.333333333333,23.816666666667,1942.9250561391873
1253,"Leeds - San Bartolomé, Las Palmas",143665,Leeds,Q39121,53.799722222222,-1.5491666666667,"San Bartolomé, Las Palmas",Q962773,29.0016342148498,-13.6139314665816,2925.9340761745025
1254,Warsaw - Helsinki,143381,Warsaw,Q270,52.216666666667,21.033333333333,Helsinki,Q1757,60.17556,24.93417,916.9000631972216
1255,Paris - Gothenburg,143235,Paris,Q90,48.856944444444,2.3513888888889,Gothenburg,Q25287,57.671706102705,11.980966694056,1168.3721063657613
1256,Copenhagen - Bologna,143176,Copenhagen,Q1748,55.676111111111,12.568888888889,Bologna,Q1891,44.493888888889,11.342777777778,1246.430212527255
1257,Dublin - Bucharest,142974,Dublin,Q1761,53.3497222222222,-6.26027777777778,Bucharest,Q19660,44.4,26.083333333333,2538.627994798785
1258,Naples - Manchester,142775,Naples,Q2634,40.833333333333,14.25,Manchester,Q18125,53.466666666667,-2.2333333333333,1868.9688000600918
1259,Amsterdam - Linköping,142718,Amsterdam,Q727,52.383333333333,4.9,Linköping,Q25413,58.409418037448,15.625656134134,950.6470317474776
1260,Vienna - Naples,142067,Vienna,Q1741,48.20833,16.373064,Naples,Q2634,40.833333333333,14.25,837.0671294328579
1261,London - Montpellier,141947,London,Q84,51.507222222222,-0.1275,Montpellier,Q6441,43.610919444444,3.8772305555556,927.6660547957692
1262,Düsseldorf - Faro,141595,Düsseldorf,Q1718,51.231144444444,6.7723805555556,Faro,Q159457,37.0161111111111,-7.935,1961.0679074203413
1263,Sofia - Eindhoven,141216,Sofia,Q472,42.697886,23.321726,Eindhoven,Q9832,51.434444444444,5.4841666666667,1656.8966474056933
1264,London - Zagreb,141191,London,Q84,51.507222222222,-0.1275,Zagreb,Q1435,45.8130555555556,15.9772222222222,1337.610691176273
1265,Verona - Tirana,140885,Verona,Q2028,45.4386111111111,10.9927777777778,Tirana,Q19689,41.33,19.82,846.3500984441905
1266,Hamburg - Helsinki,140704,Hamburg,Q1055,53.55,10,Helsinki,Q1757,60.17556,24.93417,1164.543769027307
1267,Lisbon - Seville,140581,Lisbon,Q597,38.708042,-9.139016,Seville,Q8717,37.383333333333,-5.9833333333333,313.11855158224404
1268,Stockholm - Rhodes,140088,Stockholm,Q1754,59.329444444444,18.068611111111,Rhodes,Q43048,36.166666666667,28,2673.773456866168
1269,Belfast - Nottingham,139779,Belfast,Q10686,54.596388888889,-5.93,Nottingham,Q41262,52.955,-1.1491666666667,363.20879422465384
1270,London - Varna,139763,London,Q84,51.507222222222,-0.1275,Varna,Q6506,43.211375,27.91108,2286.379919080561
1271,Malta - Barcelona,139309,Malta,Q233,35.883333333333,14.5,Barcelona,Q1492,41.3825,2.1769444444444,1231.0024060093433
1272,Marseille - Porto,139141,Marseille,Q23482,43.296666666667,5.3763888888889,Porto,Q36433,41.149472222222,-8.6107777777778,1174.7449928676663
1273,Bari - Pisa,139132,Bari,Q3519,41.125277777778,16.866666666667,Pisa,Q13375,43.716666666667,10.4,603.7324325283125
1274,Munich - Fuerteventura,138987,Munich,Q1726,48.1375,11.575,Fuerteventura,Q192534,28.4325,-14.003056,3100.1223355134302
1275,Lyon - Vienna,138597,Lyon,Q456,45.758888888889,4.8413888888889,Vienna,Q1741,48.20833,16.373064,915.1544501633228
1276,London - Bydgoszcz,138553,London,Q84,51.507222222222,-0.1275,Bydgoszcz,Q41252,53.116666666667,18,1241.8067052076103
1277,London - Chania,138551,London,Q84,51.507222222222,-0.1275,Chania,Q182299,35.516666666667,24.016666666667,2614.2338438259117
1278,Birmingham - Ibiza,138416,Birmingham,Q2256,52.48,-1.9025,Ibiza,Q52631,38.98,1.43,1522.829244389419
1279,Copenhagen - Kraków,138276,Copenhagen,Q1748,55.676111111111,12.568888888889,Kraków,Q31487,50.061388888889,19.937222222222,795.5880551857058
1280,Prague - Eindhoven,138097,Prague,Q1085,50.083333333333,14.416666666667,Eindhoven,Q9832,51.434444444444,5.4841666666667,645.5780215942527
1281,Hamburg - Fuerteventura,138033,Hamburg,Q1055,53.55,10,Fuerteventura,Q192534,28.4325,-14.003056,3408.610122390826
1282,Munich - Timiș County,137775,Munich,Q1726,48.1375,11.575,Timiș County,Q185586,45.78,21.35,786.1384780421176
1283,Strasbourg - Toulouse,137568,Strasbourg,Q6602,48.573333333333,7.7522222222222,Toulouse,Q7880,43.604444444444,1.4438888888889,735.6578413165875
1284,Athens - Vathy,137480,Athens,Q1524,37.9841666666667,23.7280555555556,Vathy,Q853527,37.7475,26.9825,286.87943070248514
1285,Geneva - Warsaw,136876,Geneva,Q71,46.2,6.15,Warsaw,Q270,52.216666666667,21.033333333333,1267.836781353552
1286,Oslo - Dublin,136864,Oslo,Q585,59.911111111111,10.752777777778,Dublin,Q1761,53.3497222222222,-6.26027777777778,1264.9665444527775
1287,Malta - Vienna,136802,Malta,Q233,35.883333333333,14.5,Vienna,Q1741,48.20833,16.373064,1379.0635038396154
1288,Málaga - Santiago de Compostela,136625,Málaga,Q8851,36.716666666667,-4.4166666666667,Santiago de Compostela,Q14314,42.883333333333,-8.5333333333333,770.3768277663389
1289,Skopje - Vienna,136342,Skopje,Q384,41.983333333333,21.433333333333,Vienna,Q1741,48.20833,16.373064,797.6360175340279
1290,Sofia - Amsterdam,136148,Sofia,Q472,42.697886,23.321726,Amsterdam,Q727,52.383333333333,4.9,1744.1827463116056
1291,Dublin - Reus,136117,Dublin,Q1761,53.3497222222222,-6.26027777777778,Reus,Q487096,41.15487,1.10871,1463.7561652742615
1292,Bologna - Cagliari,136054,Bologna,Q1891,44.493888888889,11.342777777778,Cagliari,Q1897,39.216666666667,9.1166666666667,615.0157087423727
1293,Split - Stockholm,135707,Split,Q1663,43.51,16.45,Stockholm,Q1754,59.329444444444,18.068611111111,1762.4912754079771
1294,London - Kefalonia,135519,London,Q84,51.507222222222,-0.1275,Kefalonia,Q178488,38.265,20.5525,2181.983929452659
1295,Hamburg - Heraklion,135333,Hamburg,Q1055,53.55,10,Heraklion,Q160544,35.3402777777778,25.1344444444444,2343.453024056382
1296,Athens - Stockholm,135325,Athens,Q1524,37.9841666666667,23.7280555555556,Stockholm,Q1754,59.329444444444,18.068611111111,2407.5596821008676
1297,Amsterdam - East Riding of Yorkshire,135212,Amsterdam,Q727,52.383333333333,4.9,East Riding of Yorkshire,Q23088,53.916666666667,-0.5,398.29039614209245
1298,Cologne - Bologna,135177,Cologne,Q365,50.942222222222,6.9577777777778,Bologna,Q1891,44.493888888889,11.342777777778,788.1485035524487
1299,Paris - Cork,135147,Paris,Q90,48.856944444444,2.3513888888889,Cork,Q36647,51.9,-8.4730555555556,837.7780558731638
1300,London - Grenoble,134959,London,Q84,51.507222222222,-0.1275,Grenoble,Q1289,45.186944444444,5.7263888888889,824.6574131894487
1301,Katowice - Frankfurt,134412,Katowice,Q588,50.25,19,Frankfurt,Q1794,50.113611111111,8.6797222222222,734.4159844713406
1302,Oslo - Lisbon,133872,Oslo,Q585,59.911111111111,10.752777777778,Lisbon,Q597,38.708042,-9.139016,2739.575383570793
1303,Vienna - Riga,133863,Vienna,Q1741,48.20833,16.373064,Riga,Q1773,56.9475,24.106944444444,1101.7685926303595
1304,Stuttgart - Naples,133822,Stuttgart,Q1022,48.776111111111,9.1775,Naples,Q2634,40.833333333333,14.25,969.0836946003413
1305,Paris - Tarbes,133811,Paris,Q90,48.856944444444,2.3513888888889,Tarbes,Q184023,43.232777777778,0.074444444444444,649.5194250206515
1306,Brussels - Bologna,133800,Brussels,Q239,50.8466666666667,4.35166666666667,Bologna,Q1891,44.493888888889,11.342777777778,878.3789359997023
1307,Basel - Tuzla Canton,133524,Basel,Q78,47.560555555556,7.5905555555556,Tuzla Canton,Q18250,44.55,18.6,912.1080428045693
1308,Amsterdam - Kristiansand,133385,Amsterdam,Q727,52.383333333333,4.9,Kristiansand,Q2415,58.14672222,7.99561111,670.0203700287801
1309,Copenhagen - Tenerife,133366,Copenhagen,Q1748,55.676111111111,12.568888888889,Tenerife,Q40846,28.268611111111,-16.605555555556,3829.1689072914724
1310,Düsseldorf - Kos,133341,Düsseldorf,Q1718,51.231144444444,6.7723805555556,Kos,Q187027,36.815277777778,27.110277777778,2268.732326336
1311,Warsaw - Larnaca,133326,Warsaw,Q270,52.216666666667,21.033333333333,Larnaca,Q171882,34.916666666667,33.633333333333,2167.9185542294135
1312,Geneva - Liverpool,133264,Geneva,Q71,46.2,6.15,Liverpool,Q24826,53.4075,-2.99194444444444,1034.0504574208908
1313,Poznań - Frankfurt,133220,Poznań,Q268,52.4083333333333,16.9336111111111,Frankfurt,Q1794,50.113611111111,8.6797222222222,627.9859601488179
1314,Alta - Tromsø,132915,Alta,Q6535,69.976666666667,23.295833333333,Tromsø,Q26087,69.666667,18.933333,170.80221045209166
1315,Gdańsk - Eindhoven,132881,Gdańsk,Q1792,54.366666666667,18.633333333333,Eindhoven,Q9832,51.434444444444,5.4841666666667,938.571393338063
1316,Brussels - Birmingham,132718,Brussels,Q239,50.8466666666667,4.35166666666667,Birmingham,Q2256,52.48,-1.9025,467.838982633498
1317,Oslo - Edinburgh,132716,Oslo,Q585,59.911111111111,10.752777777778,Edinburgh,Q23436,55.95,-3.1988888888889,931.5174365879982
1318,Frankfurt - Münster,132578,Frankfurt,Q1794,50.113611111111,8.6797222222222,Münster,Q2742,51.9625,7.6255555555556,218.3946139429786
1319,Stockholm - Bergen,132431,Stockholm,Q1754,59.329444444444,18.068611111111,Bergen,Q26793,60.3925,5.3233333333333,720.1507005726731
1320,Stuttgart - Gran Canaria,132260,Stuttgart,Q1022,48.776111111111,9.1775,Gran Canaria,Q178925,27.958611111111,-15.5925,3137.591341641793
1321,Manchester - Larnaca,132209,Manchester,Q18125,53.466666666667,-2.2333333333333,Larnaca,Q171882,34.916666666667,33.633333333333,3467.7578273535964
1322,Bristol - Kraków,132206,Bristol,Q23154,51.45,-2.5833333333333,Kraków,Q31487,50.061388888889,19.937222222222,1585.3889118367697
1323,Frankfurt - Alicante,132063,Frankfurt,Q1794,50.113611111111,8.6797222222222,Alicante,Q11959,38.345277777778,-0.48305555555556,1495.8623868809414
1324,Vienna - Graz,131618,Vienna,Q1741,48.20833,16.373064,Graz,Q13298,47.0708333333333,15.4386111111111,144.56492037515272
1325,Berlin - Alicante,131487,Berlin,Q64,52.516666666667,13.383333333333,Alicante,Q11959,38.345277777778,-0.48305555555556,1904.3381266650476
1326,Edinburgh - Faro,131350,Edinburgh,Q23436,55.95,-3.1988888888889,Faro,Q159457,37.0161111111111,-7.935,2135.1256963887195
1327,Oslo - Chania,131329,Oslo,Q585,59.911111111111,10.752777777778,Chania,Q182299,35.516666666667,24.016666666667,2875.86324236773
1328,Bergen - Ålesund,131128,Bergen,Q26793,60.3925,5.3233333333333,Ålesund,Q62266,62.4712388888889,6.15423888888889,235.32522797891679
1329,Kraków - Sandefjord,131121,Kraków,Q31487,50.061388888889,19.937222222222,Sandefjord,Q109005,59.12881,10.21971,1184.128363465242
1330,Dublin - Southampton,130951,Dublin,Q1761,53.3497222222222,-6.26027777777778,Southampton,Q79848,50.9066666666667,-1.40444444444444,428.40324129520866
1331,Cologne - Dresden,130923,Cologne,Q365,50.942222222222,6.9577777777778,Dresden,Q1731,51.05,13.74,474.6251981752497
1332,Hanover - Fuerteventura,130807,Hanover,Q1715,52.374444444444,9.7386111111111,Fuerteventura,Q192534,28.4325,-14.003056,3303.8929845469393
1333,Lyon - Biarritz,130612,Lyon,Q456,45.758888888889,4.8413888888889,Biarritz,Q132790,43.480555555556,-1.5572222222222,566.0287830978018
1334,Berlin - Belgrade,130563,Berlin,Q64,52.516666666667,13.383333333333,Belgrade,Q3711,44.816666666667,20.466666666667,1000.744382674677
1335,Rome - Seville,130493,Rome,Q220,41.893055555556,12.482777777778,Seville,Q8717,37.383333333333,-5.9833333333333,1654.999505630603
1336,Birmingham - Larnaca,130188,Birmingham,Q2256,52.48,-1.9025,Larnaca,Q171882,34.916666666667,33.633333333333,3407.20662740055
1337,Stavanger - Trondheim,129984,Stavanger,Q25416,58.97,5.71,Trondheim,Q25804,63.44,10.4,556.5733425355018
1338,Zürich - Larnaca,129917,Zürich,Q72,47.378611111111,8.54,Larnaca,Q171882,34.916666666667,33.633333333333,2499.322269216555
1339,Helsinki - Rhodes,129622,Helsinki,Q1757,60.17556,24.93417,Rhodes,Q43048,36.166666666667,28,2678.655287645932
1340,Bordeaux - Strasbourg,129571,Bordeaux,Q1479,44.837777777778,-0.57944444444444,Strasbourg,Q6602,48.573333333333,7.7522222222222,758.3834529393743
1341,Stockholm - Edinburgh,128991,Stockholm,Q1754,59.329444444444,18.068611111111,Edinburgh,Q23436,55.95,-3.1988888888889,1313.8913724979564
1342,Paris - Glasgow,128714,Paris,Q90,48.856944444444,2.3513888888889,Glasgow,Q4093,55.8611111111111,-4.25,897.7102749950934
1343,Manchester - Exeter,128461,Manchester,Q18125,53.466666666667,-2.2333333333333,Exeter,Q134672,50.721538888889,-3.5331083333333,317.8827949960733
1344,Milan - Seville,128168,Milan,Q490,45.466944444444,9.19,Seville,Q8717,37.383333333333,-5.9833333333333,1547.722586614036
1345,Munich - Wrocław,128155,Munich,Q1726,48.1375,11.575,Wrocław,Q1799,51.11,17.0325,513.3653675765934
1346,Paris - Cluj-Napoca,128087,Paris,Q90,48.856944444444,2.3513888888889,Cluj-Napoca,Q100188,46.78,23.559444444444,1594.9247629214935
1347,Valencia - Bucharest,128062,Valencia,Q8818,39.47,-0.376388888888889,Bucharest,Q19660,44.4,26.083333333333,2245.548322118227
1348,Munich - Nuremberg,128030,Munich,Q1726,48.1375,11.575,Nuremberg,Q2090,49.4538888888889,11.0775,150.84305171926547
1349,Lisbon - Bilbao,127754,Lisbon,Q597,38.708042,-9.139016,Bilbao,Q8692,43.262222222222,-2.9533333333333,724.8836393965054
1350,Milan - Kraków,127703,Milan,Q490,45.466944444444,9.19,Kraków,Q31487,50.061388888889,19.937222222222,950.5910870913829
1351,Copenhagen - Trondheim,127627,Copenhagen,Q1748,55.676111111111,12.568888888889,Trondheim,Q25804,63.44,10.4,871.7832290852914
1352,Munich - Paderborn,127100,Munich,Q1726,48.1375,11.575,Paderborn,Q2971,51.7166666666667,8.76666666666667,445.7935905648156
1353,Málaga - Ibiza,126944,Málaga,Q8851,36.716666666667,-4.4166666666667,Ibiza,Q52631,38.98,1.43,571.5718480927715
1354,Split - Munich,126927,Split,Q1663,43.51,16.45,Munich,Q1726,48.1375,11.575,638.0422331107575
1355,Oslo - Tallinn,126901,Oslo,Q585,59.911111111111,10.752777777778,Tallinn,Q1770,59.437222222222,24.745,785.8741497223502
1356,Venice - Lamezia Terme,126822,Venice,Q641,45.439722222222,12.331944444444,Lamezia Terme,Q53643,38.966666666667,16.3,790.2452408389789
1357,Stuttgart - Düsseldorf,126807,Stuttgart,Q1022,48.776111111111,9.1775,Düsseldorf,Q1718,51.231144444444,6.7723805555556,322.55694439212533
1358,Pisa - Lamezia Terme,126723,Pisa,Q13375,43.716666666667,10.4,Lamezia Terme,Q53643,38.966666666667,16.3,721.8194806450921
1359,Berlin - Bologna,126578,Berlin,Q64,52.516666666667,13.383333333333,Bologna,Q1891,44.493888888889,11.342777777778,904.5721646355208
1360,Ljubljana - Frankfurt,126438,Ljubljana,Q437,46.05,14.516666666667,Frankfurt,Q1794,50.113611111111,8.6797222222222,625.8763389691823
1361,Birmingham - Bucharest,126413,Birmingham,Q2256,52.48,-1.9025,Bucharest,Q19660,44.4,26.083333333333,2233.2652892153933
1362,Zürich - Luxembourg,126401,Zürich,Q72,47.378611111111,8.54,Luxembourg,Q1842,49.610555555556,6.1327777777778,305.0196361596814
1363,Munich - Verona,126261,Munich,Q1726,48.1375,11.575,Verona,Q2028,45.4386111111111,10.9927777777778,303.35667553145237
1364,Hamburg - Edinburgh,126149,Hamburg,Q1055,53.55,10,Edinburgh,Q23436,55.95,-3.1988888888889,886.486350788378
1365,Dublin - Bratislava,125977,Dublin,Q1761,53.3497222222222,-6.26027777777778,Bratislava,Q1780,48.144722222222,17.112777777778,1733.9377156223777
1366,Cork - Faro,125938,Cork,Q36647,51.9,-8.4730555555556,Faro,Q159457,37.0161111111111,-7.935,1655.5542765010555
1367,Vienna - Kraków,125920,Vienna,Q1741,48.20833,16.373064,Kraków,Q31487,50.061388888889,19.937222222222,331.13911470015375
1368,Birmingham - Madrid,125824,Birmingham,Q2256,52.48,-1.9025,Madrid,Q2807,40.418888888889,-3.6919444444444,1348.013496309743
1369,London - Santorini,125808,London,Q84,51.507222222222,-0.1275,Santorini,Q129296,36.416666666667,25.433333333333,2622.1126365809323
1370,Frankfurt - Tirana,125795,Frankfurt,Q1794,50.113611111111,8.6797222222222,Tirana,Q19689,41.33,19.82,1301.7464853227737
1371,Strasbourg - Nice,125555,Strasbourg,Q6602,48.573333333333,7.7522222222222,Nice,Q33959,43.701944444444,7.2683333333333,542.9529132788805
1372,Brussels - Seville,125364,Brussels,Q239,50.8466666666667,4.35166666666667,Seville,Q8717,37.383333333333,-5.9833333333333,1705.5803758677916
1373,London - Suceava,125253,London,Q84,51.507222222222,-0.1275,Suceava,Q46400,47.651388888889,26.255555555556,1938.5240393175638
1374,Brest - Marseille,125173,Brest,Q12193,48.39,-4.4869444444444,Marseille,Q23482,43.296666666667,5.3763888888889,949.8097352676843
1375,Strasbourg - Nantes,125163,Strasbourg,Q6602,48.573333333333,7.7522222222222,Nantes,Q12191,47.217222222222,-1.5538888888889,709.529559605016
1376,Luxembourg - Madrid,125131,Luxembourg,Q1842,49.610555555556,6.1327777777778,Madrid,Q2807,40.418888888889,-3.6919444444444,1278.7465027415649
1377,Stockholm - Larnaca,125062,Stockholm,Q1754,59.329444444444,18.068611111111,Larnaca,Q171882,34.916666666667,33.633333333333,2942.1244043166803
1378,Vienna - Varna,124831,Vienna,Q1741,48.20833,16.373064,Varna,Q6506,43.211375,27.91108,1052.5418809188704
1379,Trieste - Munich,124816,Trieste,Q546,45.6502777777778,13.7702777777778,Munich,Q1726,48.1375,11.575,322.94480248045676
1380,Katowice - Burgas,124560,Katowice,Q588,50.25,19,Burgas,Q6509,42.502965,27.470179,1077.5540060837982
1381,Catania - Bucharest,124525,Catania,Q1903,37.502669444444,15.087269444444,Bucharest,Q19660,44.4,26.083333333333,1198.550708753243
1382,Vienna - Luxembourg,124449,Vienna,Q1741,48.20833,16.373064,Luxembourg,Q1842,49.610555555556,6.1327777777778,763.8166430050871
1383,Cologne - Gran Canaria,124372,Cologne,Q365,50.942222222222,6.9577777777778,Gran Canaria,Q178925,27.958611111111,-15.5925,3179.1051660000962
1384,Geneva - Alicante,124085,Geneva,Q71,46.2,6.15,Alicante,Q11959,38.345277777778,-0.48305555555556,1029.038149917707
1385,Amsterdam - Thessaloniki,124049,Amsterdam,Q727,52.383333333333,4.9,Thessaloniki,Q17151,40.6402777777778,22.9355555555556,1890.147623106733
1386,Athens - Tirana,124040,Athens,Q1524,37.9841666666667,23.7280555555556,Tirana,Q19689,41.33,19.82,500.22622653849703
1387,Vilnius - Helsinki,124004,Vilnius,Q216,54.683333333333,25.283333333333,Helsinki,Q1757,60.17556,24.93417,611.0639699972594
1388,Isle of Man - Liverpool,123881,Isle of Man,Q9676,54.235,-4.525,Liverpool,Q24826,53.4075,-2.99194444444444,136.34919939805715
1389,Barcelona - Donostia-San Sebastián,123438,Barcelona,Q1492,41.3825,2.1769444444444,Donostia-San Sebastián,Q10313,43.32,-1.98,403.78819886355535
1390,Geneva - Toulouse,123389,Geneva,Q71,46.2,6.15,Toulouse,Q7880,43.604444444444,1.4438888888889,469.63009463997
1391,Belfast - Tenerife,123383,Belfast,Q10686,54.596388888889,-5.93,Tenerife,Q40846,28.268611111111,-16.605555555556,3051.9350666744645
1392,Barcelona - Gothenburg,123336,Barcelona,Q1492,41.3825,2.1769444444444,Gothenburg,Q25287,57.671706102705,11.980966694056,1939.943405867153
1393,Lyon - Venice,123313,Lyon,Q456,45.758888888889,4.8413888888889,Venice,Q641,45.439722222222,12.331944444444,583.6308888614848
1394,Milan - Cluj-Napoca,123133,Milan,Q490,45.466944444444,9.19,Cluj-Napoca,Q100188,46.78,23.559444444444,1115.4359288717528
1395,Amsterdam - Pisa,123131,Amsterdam,Q727,52.383333333333,4.9,Pisa,Q13375,43.716666666667,10.4,1046.0703330017757
1396,Malta - Milan,123087,Malta,Q233,35.883333333333,14.5,Milan,Q490,45.466944444444,9.19,1155.2371918861147
1397,Munich - Porto,123007,Munich,Q1726,48.1375,11.575,Porto,Q36433,41.149472222222,-8.6107777777778,1768.802031631595
1398,London - Reus,122951,London,Q84,51.507222222222,-0.1275,Reus,Q487096,41.15487,1.10871,1154.9915657116212
1399,Madrid - Pisa,122474,Madrid,Q2807,40.418888888889,-3.6919444444444,Pisa,Q13375,43.716666666667,10.4,1217.8763039673358
1400,Munich - Riga,122455,Munich,Q1726,48.1375,11.575,Riga,Q1773,56.9475,24.106944444444,1291.2951944761073
1401,Frankfurt - Chișinău,122402,Frankfurt,Q1794,50.113611111111,8.6797222222222,Chișinău,Q21197,47.0227777777778,28.8352777777778,1517.309460702449
1402,London - Burgas,122331,London,Q84,51.507222222222,-0.1275,Burgas,Q6509,42.502965,27.470179,2301.3173731821103
1403,Milan - Eindhoven,122152,Milan,Q490,45.466944444444,9.19,Eindhoven,Q9832,51.434444444444,5.4841666666667,717.4026753568918
1404,Amsterdam - Rhodes,122083,Amsterdam,Q727,52.383333333333,4.9,Rhodes,Q43048,36.166666666667,28,2554.24069142471
1405,Milan - Reggio Calabria,121948,Milan,Q490,45.466944444444,9.19,Reggio Calabria,Q8471,38.114438888889,15.65,976.61081614364
1406,Poznań - Munich,121885,Poznań,Q268,52.4083333333333,16.9336111111111,Munich,Q1726,48.1375,11.575,608.3863201132352
1407,London - Stavanger,121730,London,Q84,51.507222222222,-0.1275,Stavanger,Q25416,58.97,5.71,907.7969580555291
1408,"Amsterdam - San Bartolomé, Las Palmas",121562,Amsterdam,Q727,52.383333333333,4.9,"San Bartolomé, Las Palmas",Q962773,29.0016342148498,-13.6139314665816,3012.8190440905273
1409,Munich - Sibiu,121557,Munich,Q1726,48.1375,11.575,Sibiu,Q83324,45.8,24.15,987.6756370555056
1410,Stockholm - Chania,121432,Stockholm,Q1754,59.329444444444,18.068611111111,Chania,Q182299,35.516666666667,24.016666666667,2682.9181498664248
1411,Copenhagen - Kaunas,120860,Copenhagen,Q1748,55.676111111111,12.568888888889,Kaunas,Q4115712,54.9,23.933333333333,723.9229751387271
1412,Frankfurt - Cavtat,120726,Frankfurt,Q1794,50.113611111111,8.6797222222222,Cavtat,Q221350,42.579444444444,18.220833333333,1110.9509571528265
1413,Eindhoven - Pisa,120716,Eindhoven,Q9832,51.434444444444,5.4841666666667,Pisa,Q13375,43.716666666667,10.4,933.5215245202389
1414,Stockholm - Tenerife,120675,Stockholm,Q1754,59.329444444444,18.068611111111,Tenerife,Q40846,28.268611111111,-16.605555555556,4339.798125121844
1415,London - Karlsruhe,120497,London,Q84,51.507222222222,-0.1275,Karlsruhe,Q1040,49.016666666667,8.4,665.9066739000937
1416,Düsseldorf - Rhodes,120424,Düsseldorf,Q1718,51.231144444444,6.7723805555556,Rhodes,Q43048,36.166666666667,28,2374.708425526566
1417,Milan - Oslo,120413,Milan,Q490,45.466944444444,9.19,Oslo,Q585,59.911111111111,10.752777777778,1609.4575328606018
1418,Mallorca - Billund,120062,Mallorca,Q8828,39.616666666667,2.9833333333333,Billund,Q1701099,55.730833333333,9.1152777777778,1847.9279925189396
1419,Frankfurt - Seville,119819,Frankfurt,Q1794,50.113611111111,8.6797222222222,Seville,Q8717,37.383333333333,-5.9833333333333,1834.647397777524
1420,Athens - Bologna,119810,Athens,Q1524,37.9841666666667,23.7280555555556,Bologna,Q1891,44.493888888889,11.342777777778,1261.2607072500218
1421,Brussels - Zagreb,119790,Brussels,Q239,50.8466666666667,4.35166666666667,Zagreb,Q1435,45.8130555555556,15.9772222222222,1023.8319597204365
1422,Oslo - Split,119767,Oslo,Q585,59.911111111111,10.752777777778,Split,Q1663,43.51,16.45,1863.819830889669
1423,Vienna - Klagenfurt,119703,Vienna,Q1741,48.20833,16.373064,Klagenfurt,Q41753,46.616666666667,14.3,235.90024499858572
1424,London - Genoa,119528,London,Q84,51.507222222222,-0.1275,Genoa,Q1449,44.407186111111,8.9339833333333,1036.9909053966712
1425,Vilnius - Copenhagen,119526,Vilnius,Q216,54.683333333333,25.283333333333,Copenhagen,Q1748,55.676111111111,12.568888888889,813.6100044068997
1426,Munich - Pristina,119302,Munich,Q1726,48.1375,11.575,Pristina,Q25270,42.666666666667,21.166666666667,963.5545813848132
1427,Gdańsk - Frankfurt,119243,Gdańsk,Q1792,54.366666666667,18.633333333333,Frankfurt,Q1794,50.113611111111,8.6797222222222,825.2317817498189
1428,Brussels - Gran Canaria,119109,Brussels,Q239,50.8466666666667,4.35166666666667,Gran Canaria,Q178925,27.958611111111,-15.5925,3046.704129097529
1429,Budapest - Bari,118999,Budapest,Q1781,47.498333333333,19.040833333333,Bari,Q3519,41.125277777778,16.866666666667,729.3782417411894
1430,Amsterdam - North East England,118998,Amsterdam,Q727,52.383333333333,4.9,North East England,Q47983,55,-1.8666666666667,531.7704149606325
1431,Athens - Eindhoven,118959,Athens,Q1524,37.9841666666667,23.7280555555556,Eindhoven,Q9832,51.434444444444,5.4841666666667,2066.144014722156
1432,Warsaw - Eindhoven,118607,Warsaw,Q270,52.216666666667,21.033333333333,Eindhoven,Q9832,51.434444444444,5.4841666666667,1070.077590660173
1433,Thessaloniki - Rhodes,118346,Thessaloniki,Q17151,40.6402777777778,22.9355555555556,Rhodes,Q43048,36.166666666667,28,664.7325249675011
1434,Lyon - Dublin,118312,Lyon,Q456,45.758888888889,4.8413888888889,Dublin,Q1761,53.3497222222222,-6.26027777777778,1160.9402518393506
1435,Munich - Larnaca,118310,Munich,Q1726,48.1375,11.575,Larnaca,Q171882,34.916666666667,33.633333333333,2337.576808911685
1436,Barcelona - Almería,118285,Barcelona,Q1492,41.3825,2.1769444444444,Almería,Q10400,36.84,-2.4675,644.5292439180947
1437,Mallorca - Gothenburg,118048,Mallorca,Q8828,39.616666666667,2.9833333333333,Gothenburg,Q25287,57.671706102705,11.980966694056,2109.347250426834
1438,Belfast - Southampton,118024,Belfast,Q10686,54.596388888889,-5.93,Southampton,Q79848,50.9066666666667,-1.40444444444444,510.7562755519391
1439,Munich - Rhodes,117978,Munich,Q1726,48.1375,11.575,Rhodes,Q43048,36.166666666667,28,1891.1331466212155
1440,Madrid - Melilla,117945,Madrid,Q2807,40.418888888889,-3.6919444444444,Melilla,Q5831,35.2825,-2.9475,574.8622561045735
1441,Düsseldorf - Salzburg,117697,Düsseldorf,Q1718,51.231144444444,6.7723805555556,Salzburg,Q34713,47.7972,13.04768,592.1269325046028
1442,Berlin - Reykjavík,117532,Berlin,Q64,52.516666666667,13.383333333333,Reykjavík,Q1764,64.1475,-21.935,2387.0110807478973
1443,Gdańsk - Turku,117286,Gdańsk,Q1792,54.366666666667,18.633333333333,Turku,Q38511,60.451666666667,22.27,710.5468104807479
1444,Saarbrücken - Mallorca,117271,Saarbrücken,Q1724,49.233333333333,7,Mallorca,Q8828,39.616666666667,2.9833333333333,1115.4603765605154
1445,"Edinburgh - San Bartolomé, Las Palmas",117242,Edinburgh,Q23436,55.95,-3.1988888888889,"San Bartolomé, Las Palmas",Q962773,29.0016342148498,-13.6139314665816,3108.0394069109507
1446,Luxembourg - Mallorca,117085,Luxembourg,Q1842,49.610555555556,6.1327777777778,Mallorca,Q8828,39.616666666667,2.9833333333333,1138.6156983429114
1447,Venice - Cagliari,117084,Venice,Q641,45.439722222222,12.331944444444,Cagliari,Q1897,39.216666666667,9.1166666666667,740.5689010168471
1448,Copenhagen - Tallinn,117019,Copenhagen,Q1748,55.676111111111,12.568888888889,Tallinn,Q1770,59.437222222222,24.745,836.3356141159202
1449,Vienna - Manchester,116796,Vienna,Q1741,48.20833,16.373064,Manchester,Q18125,53.466666666667,-2.2333333333333,1425.968630329014
1450,Amsterdam - Fuerteventura,116759,Amsterdam,Q727,52.383333333333,4.9,Fuerteventura,Q192534,28.4325,-14.003056,3086.232040458985
1451,Gothenburg - Gran Canaria,116730,Gothenburg,Q25287,57.671706102705,11.980966694056,Gran Canaria,Q178925,27.958611111111,-15.5925,3939.1710613476143
1452,Prague - Rhodes,116471,Prague,Q1085,50.083333333333,14.416666666667,Rhodes,Q43048,36.166666666667,28,1893.5321659191995
1453,Manchester - Edinburgh,116457,Manchester,Q18125,53.466666666667,-2.2333333333333,Edinburgh,Q23436,55.95,-3.1988888888889,283.0081009928022
1454,Oslo - Longyearbyen,116415,Oslo,Q585,59.911111111111,10.752777777778,Longyearbyen,Q25923,78.216666666667,15.633333333333,2043.0043918797414
1455,Manchester - Reus,116316,Manchester,Q18125,53.466666666667,-2.2333333333333,Reus,Q487096,41.15487,1.10871,1391.6034967399667
1456,Venice - Hamburg,116296,Venice,Q641,45.439722222222,12.331944444444,Hamburg,Q1055,53.55,10,917.2816675165521
1457,Pisa - Brindisi,116234,Pisa,Q13375,43.716666666667,10.4,Brindisi,Q13496,40.638333333333,17.945833333333,709.385656213142
1458,London - Biarritz,116201,London,Q84,51.507222222222,-0.1275,Biarritz,Q132790,43.480555555556,-1.5572222222222,898.9184017937913
1459,Sofia - Dortmund,116161,Sofia,Q472,42.697886,23.321726,Dortmund,Q1295,51.513888888889,7.4652777777778,1543.8652256986536
1460,Málaga - Billund,116160,Málaga,Q8851,36.716666666667,-4.4166666666667,Billund,Q1701099,55.730833333333,9.1152777777778,2347.023673354191
1461,Munich - Ancona,116039,Munich,Q1726,48.1375,11.575,Ancona,Q3415,43.616666666667,13.516666666667,524.63826121889
1462,Cardiff - Alicante,116024,Cardiff,Q10690,51.48,-3.18,Alicante,Q11959,38.345277777778,-0.48305555555556,1475.6080293840796
1463,Vienna - Pristina,115928,Vienna,Q1741,48.20833,16.373064,Pristina,Q25270,42.666666666667,21.166666666667,720.4929564418595
1464,Rome - Bristol,115451,Rome,Q220,41.893055555556,12.482777777778,Bristol,Q23154,51.45,-2.5833333333333,1559.9045552673665
1465,Turin - Madrid,115322,Turin,Q495,45.066666666667,7.7,Madrid,Q2807,40.418888888889,-3.6919444444444,1062.7964015065988
1466,Bilbao - Gran Canaria,115203,Bilbao,Q8692,43.262222222222,-2.9533333333333,Gran Canaria,Q178925,27.958611111111,-15.5925,2044.4226013232128
1467,Nottingham - Fuerteventura,115156,Nottingham,Q41262,52.955,-1.1491666666667,Fuerteventura,Q192534,28.4325,-14.003056,2923.9126601916814
1468,Zürich - Malta,115134,Zürich,Q72,47.378611111111,8.54,Malta,Q233,35.883333333333,14.5,1369.7922898397212
1469,Warsaw - Hamburg,115063,Warsaw,Q270,52.216666666667,21.033333333333,Hamburg,Q1055,53.55,10,754.2152642707283
1470,Venice - Edinburgh,114858,Venice,Q641,45.439722222222,12.331944444444,Edinburgh,Q23436,55.95,-3.1988888888889,1593.6610344634041
1471,Venice - Dublin,114839,Venice,Q641,45.439722222222,12.331944444444,Dublin,Q1761,53.3497222222222,-6.26027777777778,1600.0893861022585
1472,Warsaw - Dublin,114637,Warsaw,Q270,52.216666666667,21.033333333333,Dublin,Q1761,53.3497222222222,-6.26027777777778,1828.6980103869548
1473,Venice - Tirana,114613,Venice,Q641,45.439722222222,12.331944444444,Tirana,Q19689,41.33,19.82,757.7474273826292
1474,London - Santiago de Compostela,114455,London,Q84,51.507222222222,-0.1275,Santiago de Compostela,Q14314,42.883333333333,-8.5333333333333,1148.5275443813644
1475,Zürich - Gran Canaria,114166,Zürich,Q72,47.378611111111,8.54,Gran Canaria,Q178925,27.958611111111,-15.5925,3004.7078769695663
1476,Barcelona - Luxembourg,114047,Barcelona,Q1492,41.3825,2.1769444444444,Luxembourg,Q1842,49.610555555556,6.1327777777778,965.117897395084
1477,Mallorca - Bournemouth,113787,Mallorca,Q8828,39.616666666667,2.9833333333333,Bournemouth,Q170478,50.72,-1.88,1291.4349480095818
1478,London - Tallinn,113742,London,Q84,51.507222222222,-0.1275,Tallinn,Q1770,59.437222222222,24.745,1783.272965462027
1479,Helsinki - Joensuu,113632,Helsinki,Q1757,60.17556,24.93417,Joensuu,Q186237,62.6,29.763888888889,372.394147810548
1480,Tyne and Wear - Southampton,113323,Tyne and Wear,Q23080,54.974,-1.6132,Southampton,Q79848,50.9066666666667,-1.40444444444444,452.4832660532102
1481,Vienna - Tenerife,113275,Vienna,Q1741,48.20833,16.373064,Tenerife,Q40846,28.268611111111,-16.605555555556,3589.0020965155154
1482,Barcelona - Marseille,113194,Barcelona,Q1492,41.3825,2.1769444444444,Marseille,Q23482,43.296666666667,5.3763888888889,338.26725480266845
1483,Birmingham - Aberdeen,112863,Birmingham,Q2256,52.48,-1.9025,Aberdeen,Q36405,57.15,-2.1,519.4346856477699
1484,Thessaloniki - Chania,112776,Thessaloniki,Q17151,40.6402777777778,22.9355555555556,Chania,Q182299,35.516666666667,24.016666666667,577.510968166815
1485,London - Brno,112756,London,Q84,51.507222222222,-0.1275,Brno,Q14960,49.195277777778,16.608333333333,1212.0631566329391
1486,Turin - Amsterdam,112720,Turin,Q495,45.066666666667,7.7,Amsterdam,Q727,52.383333333333,4.9,838.9317939689155
1487,Bologna - Alghero,112693,Bologna,Q1891,44.493888888889,11.342777777778,Alghero,Q166282,40.56,8.315,502.80575272453973
1488,Katowice - Sandefjord,112424,Katowice,Q588,50.25,19,Sandefjord,Q109005,59.12881,10.21971,1135.0402264986144
1489,London - A Coruña,112401,London,Q84,51.507222222222,-0.1275,A Coruña,Q8757,43.366666666667,-8.3833333333333009,1096.1826522116014
1490,London - Mykonos,112328,London,Q84,51.507222222222,-0.1275,Mykonos,Q190210,37.45,25.333333333333,2531.947900120941
1491,Zürich - Heraklion,112239,Zürich,Q72,47.378611111111,8.54,Heraklion,Q160544,35.3402777777778,25.1344444444444,1918.4989046030087
1492,London - Szczecin,112224,London,Q84,51.507222222222,-0.1275,Szczecin,Q393,53.424722222222,14.555277777778,1015.3083991575498
1493,Manchester - Cavtat,112102,Manchester,Q18125,53.466666666667,-2.2333333333333,Cavtat,Q221350,42.579444444444,18.220833333333,1932.1440322251801
1494,"Bilbao - San Bartolomé, Las Palmas",111899,Bilbao,Q8692,43.262222222222,-2.9533333333333,"San Bartolomé, Las Palmas",Q962773,29.0016342148498,-13.6139314665816,1848.737190931219
1495,Cologne - Venice,111882,Cologne,Q365,50.942222222222,6.9577777777778,Venice,Q641,45.439722222222,12.331944444444,729.6723990483904
1496,Lyon - Caen,111800,Lyon,Q456,45.758888888889,4.8413888888889,Caen,Q41185,49.182222222222,-0.37055555555556,545.9897553624394
1497,Berlin - Sofia,111760,Berlin,Q64,52.516666666667,13.383333333333,Sofia,Q472,42.697886,23.321726,1319.1420693343696
1498,Dublin - Eindhoven,111649,Dublin,Q1761,53.3497222222222,-6.26027777777778,Eindhoven,Q9832,51.434444444444,5.4841666666667,823.847981231499
1499,Santiago de Compostela - Gran Canaria,111575,Santiago de Compostela,Q14314,42.883333333333,-8.5333333333333,Gran Canaria,Q178925,27.958611111111,-15.5925,1776.8719677729064
1500,Oslo - Madrid,111565,Oslo,Q585,59.911111111111,10.752777777778,Madrid,Q2807,40.418888888889,-3.6919444444444,2387.1512378101033
1501,Düsseldorf - Catania,111472,Düsseldorf,Q1718,51.231144444444,6.7723805555556,Catania,Q1903,37.502669444444,15.087269444444,1660.931080384568
1502,Athens - Manchester,111449,Athens,Q1524,37.9841666666667,23.7280555555556,Manchester,Q18125,53.466666666667,-2.2333333333333,2624.167173917521
1503,Genoa - Munich,111400,Genoa,Q1449,44.407186111111,8.9339833333333,Munich,Q1726,48.1375,11.575,461.7280741639931
1504,Nantes - Ajaccio,111350,Nantes,Q12191,47.217222222222,-1.5538888888889,Ajaccio,Q40104,41.925555555556,8.7363888888889,1003.951145957125
1505,"Belfast - San Bartolomé, Las Palmas",111298,Belfast,Q10686,54.596388888889,-5.93,"San Bartolomé, Las Palmas",Q962773,29.0016342148498,-13.6139314665816,2912.387579429237
1506,Bilbao - Valencia,111200,Bilbao,Q8692,43.262222222222,-2.9533333333333,Valencia,Q8818,39.47,-0.376388888888889,473.28500891226616
1507,Copenhagen - Middle Jutland,111071,Copenhagen,Q1748,55.676111111111,12.568888888889,Middle Jutland,Q12327087,56.203,9.2207,216.5637854396072
1508,Vienna - Catania,111045,Vienna,Q1741,48.20833,16.373064,Catania,Q1903,37.502669444444,15.087269444444,1194.9739999174628
1509,Cardiff - Edinburgh,111014,Cardiff,Q10690,51.48,-3.18,Edinburgh,Q23436,55.95,-3.1988888888889,497.04365130828194
1510,Thessaloniki - Manchester,110977,Thessaloniki,Q17151,40.6402777777778,22.9355555555556,Manchester,Q18125,53.466666666667,-2.2333333333333,2360.209873811871
1511,Zürich - Naples,110939,Zürich,Q72,47.378611111111,8.54,Naples,Q2634,40.833333333333,14.25,858.2559792561213
1512,Bologna - Eindhoven,110841,Bologna,Q1891,44.493888888889,11.342777777778,Eindhoven,Q9832,51.434444444444,5.4841666666667,885.8327538925735
1513,Berlin - Luxembourg,110749,Berlin,Q64,52.516666666667,13.383333333333,Luxembourg,Q1842,49.610555555556,6.1327777777778,600.525539670252
1514,Geneva - Budapest,110474,Geneva,Q71,46.2,6.15,Budapest,Q1781,47.498333333333,19.040833333333,989.7216724868739
1515,Tromsø - Bergen,110342,Tromsø,Q26087,69.666667,18.933333,Bergen,Q26793,60.3925,5.3233333333333,1206.9920933647418
1516,Paris - Bari,110264,Paris,Q90,48.856944444444,2.3513888888889,Bari,Q3519,41.125277777778,16.866666666667,1425.0159392981207
1517,Toulouse - Porto,110012,Toulouse,Q7880,43.604444444444,1.4438888888889,Porto,Q36433,41.149472222222,-8.6107777777778,869.1939033748961
1518,Liverpool - Kraków,109968,Liverpool,Q24826,53.4075,-2.99194444444444,Kraków,Q31487,50.061388888889,19.937222222222,1614.6122820099267
1519,Frankfurt - Larnaca,109750,Frankfurt,Q1794,50.113611111111,8.6797222222222,Larnaca,Q171882,34.916666666667,33.633333333333,2630.85873679097
1520,Lyon - Strasbourg,109674,Lyon,Q456,45.758888888889,4.8413888888889,Strasbourg,Q6602,48.573333333333,7.7522222222222,382.51053365270917
1521,Prague - Riga,109570,Prague,Q1085,50.083333333333,14.416666666667,Riga,Q1773,56.9475,24.106944444444,994.6060993409905
1522,Budapest - Naples,109555,Budapest,Q1781,47.498333333333,19.040833333333,Naples,Q2634,40.833333333333,14.25,833.4292294582234
1523,Bordeaux - Dublin,109533,Bordeaux,Q1479,44.837777777778,-0.57944444444444,Dublin,Q1761,53.3497222222222,-6.26027777777778,1032.1238761145003
1524,Bucharest - Nice,109402,Bucharest,Q19660,44.4,26.083333333333,Nice,Q33959,43.701944444444,7.2683333333333,1502.3517725151532
1525,Prague - Athens,109325,Prague,Q1085,50.083333333333,14.416666666667,Athens,Q1524,37.9841666666667,23.7280555555556,1534.813592241591
1526,"Frankfurt - San Bartolomé, Las Palmas",109318,Frankfurt,Q1794,50.113611111111,8.6797222222222,"San Bartolomé, Las Palmas",Q962773,29.0016342148498,-13.6139314665816,3002.987370698876
1527,Turin - Lamezia Terme,109259,Turin,Q495,45.066666666667,7.7,Lamezia Terme,Q53643,38.966666666667,16.3,981.211854967028
1528,Madrid - Bristol,109179,Madrid,Q2807,40.418888888889,-3.6919444444444,Bristol,Q23154,51.45,-2.5833333333333,1229.5590846195007
1529,London - Ancona,109143,London,Q84,51.507222222222,-0.1275,Ancona,Q3415,43.616666666667,13.516666666667,1344.476477286613
1530,Geneva - Birmingham,109109,Geneva,Q71,46.2,6.15,Birmingham,Q2256,52.48,-1.9025,908.8191116949131
1531,Brussels - Billund,108961,Brussels,Q239,50.8466666666667,4.35166666666667,Billund,Q1701099,55.730833333333,9.1152777777778,628.3213452373802
1532,Zürich - Zagreb,108869,Zürich,Q72,47.378611111111,8.54,Zagreb,Q1435,45.8130555555556,15.9772222222222,594.0448993627172
1533,Amsterdam - Sandefjord,108675,Amsterdam,Q727,52.383333333333,4.9,Sandefjord,Q109005,59.12881,10.21971,819.9885859422768
1534,Vienna - Budapest,108624,Vienna,Q1741,48.20833,16.373064,Budapest,Q1781,47.498333333333,19.040833333333,214.12612889463315
1535,Milan - Crotone,108613,Milan,Q490,45.466944444444,9.19,Crotone,Q6681,39.083333333333,17.116666666667,962.9868410569943
1536,Zürich - Bucharest,108586,Zürich,Q72,47.378611111111,8.54,Bucharest,Q19660,44.4,26.083333333333,1394.3228303618653
1537,London - Łódź,108534,London,Q84,51.507222222222,-0.1275,Łódź,Q580,51.776944444444,19.454722222222,1347.5308179851052
1538,Munich - Ibiza,108483,Munich,Q1726,48.1375,11.575,Ibiza,Q52631,38.98,1.43,1303.466600311273
1539,Mallorca - Cardiff,108452,Mallorca,Q8828,39.616666666667,2.9833333333333,Cardiff,Q10690,51.48,-3.18,1402.4896597727175
1540,Munich - Pisa,108252,Munich,Q1726,48.1375,11.575,Pisa,Q13375,43.716666666667,10.4,499.8877110208192
1541,London - Palermo,108146,London,Q84,51.507222222222,-0.1275,Palermo,Q2656,38.115658,13.361262,1823.8684219740362
1542,Dortmund - Vienna,108118,Dortmund,Q1295,51.513888888889,7.4652777777778,Vienna,Q1741,48.20833,16.373064,736.0294079996025
1543,Copenhagen - Billund,108067,Copenhagen,Q1748,55.676111111111,12.568888888889,Billund,Q1701099,55.730833333333,9.1152777777778,216.45178459717314
1544,Brussels - Kraków,108051,Brussels,Q239,50.8466666666667,4.35166666666667,Kraków,Q31487,50.061388888889,19.937222222222,1104.8015805704747
1545,Manchester - Cork,107849,Manchester,Q18125,53.466666666667,-2.2333333333333,Cork,Q36647,51.9,-8.4730555555556,455.0637345121606
1546,Zürich - Tenerife,107789,Zürich,Q72,47.378611111111,8.54,Tenerife,Q40846,28.268611111111,-16.605555555556,3039.0242220183804
1547,Nice - Ajaccio,107761,Nice,Q33959,43.701944444444,7.2683333333333,Ajaccio,Q40104,41.925555555556,8.7363888888889,230.97944252543326
1548,Reykjavík - Glasgow,107672,Reykjavík,Q1764,64.1475,-21.935,Glasgow,Q4093,55.8611111111111,-4.25,1339.0068141476143
1549,Geneva - Stockholm,107545,Geneva,Q71,46.2,6.15,Stockholm,Q1754,59.329444444444,18.068611111111,1659.9770994458859
1550,Vienna - Heraklion,107538,Vienna,Q1741,48.20833,16.373064,Heraklion,Q160544,35.3402777777778,25.1344444444444,1602.2600194243612
1551,Bucharest - Liverpool,107519,Bucharest,Q19660,44.4,26.083333333333,Liverpool,Q24826,53.4075,-2.99194444444444,2327.709344583451
1552,Rome - Eindhoven,107430,Rome,Q220,41.893055555556,12.482777777778,Eindhoven,Q9832,51.434444444444,5.4841666666667,1186.5009778097963
1553,Helsinki - Dublin,107406,Helsinki,Q1757,60.17556,24.93417,Dublin,Q1761,53.3497222222222,-6.26027777777778,2023.4341255065285
1554,Verona - Olbia,107378,Verona,Q2028,45.4386111111111,10.9927777777778,Olbia,Q13630,40.916666666667,9.5,517.1556231908912
1555,Brussels - Girona,107342,Brussels,Q239,50.8466666666667,4.35166666666667,Girona,Q7038,41.983333333333,2.8166666666667,992.499240168644
1556,Málaga - Bucharest,107289,Málaga,Q8851,36.716666666667,-4.4166666666667,Bucharest,Q19660,44.4,26.083333333333,2696.2952524738052
1557,Cologne - Tenerife,107138,Cologne,Q365,50.942222222222,6.9577777777778,Tenerife,Q40846,28.268611111111,-16.605555555556,3200.617899812071
1558,Bodø - Leknes,107135,Bodø,Q39383,67.28267,14.37513,Leknes,Q1993766,68.1475,13.6115,101.41062127392132
1559,Malta - Madrid,107123,Malta,Q233,35.883333333333,14.5,Madrid,Q2807,40.418888888889,-3.6919444444444,1665.1982588327683
1560,Hamburg - Málaga,106903,Hamburg,Q1055,53.55,10,Málaga,Q8851,36.716666666667,-4.4166666666667,2177.580276923318
1561,Manchester - Zakynthos,106866,Manchester,Q18125,53.466666666667,-2.2333333333333,Zakynthos,Q144880,37.8,20.75,2474.600961931001
1562,Berlin - Nice,106806,Berlin,Q64,52.516666666667,13.383333333333,Nice,Q33959,43.701944444444,7.2683333333333,1079.2582107918265
1563,Warsaw - Sofia,106666,Warsaw,Q270,52.216666666667,21.033333333333,Sofia,Q472,42.697886,23.321726,1072.1877649378669
1564,Birmingham - Paphos District,106646,Birmingham,Q2256,52.48,-1.9025,Paphos District,Q59133,34.77682,32.419736,3342.0264143532086
1565,Munich - Bari,106567,Munich,Q1726,48.1375,11.575,Bari,Q3519,41.125277777778,16.866666666667,884.5273398440095
1566,Rome - Alicante,106444,Rome,Q220,41.893055555556,12.482777777778,Alicante,Q11959,38.345277777778,-0.48305555555556,1169.5165114102663
1567,Nice - Bastia,106406,Nice,Q33959,43.701944444444,7.2683333333333,Bastia,Q134698,42.7,9.4494444444444,208.9584064746112
1568,Munich - Cavtat,106400,Munich,Q1726,48.1375,11.575,Cavtat,Q221350,42.579444444444,18.220833333333,806.582962201444
1569,Lisbon - Málaga,106363,Lisbon,Q597,38.708042,-9.139016,Málaga,Q8851,36.716666666667,-4.4166666666667,470.64537559880495
1570,Girona - Pisa,106328,Girona,Q7038,41.983333333333,2.8166666666667,Pisa,Q13375,43.716666666667,10.4,647.2709659630518
1571,Dresden - Mallorca,106222,Dresden,Q1731,51.05,13.74,Mallorca,Q8828,39.616666666667,2.9833333333333,1520.739639939765
1572,Mallorca - Nantes,106108,Mallorca,Q8828,39.616666666667,2.9833333333333,Nantes,Q12191,47.217222222222,-1.5538888888889,920.7644799066056
1573,Stuttgart - Tenerife,106000,Stuttgart,Q1022,48.776111111111,9.1775,Tenerife,Q40846,28.268611111111,-16.605555555556,3168.6853233521124
1574,Strasbourg - Marseille,105972,Strasbourg,Q6602,48.573333333333,7.7522222222222,Marseille,Q23482,43.296666666667,5.3763888888889,614.7499451656519
1575,Stavanger - Aberdeen,105744,Stavanger,Q25416,58.97,5.71,Aberdeen,Q36405,57.15,-2.1,501.6373230868284
1576,Split - Copenhagen,105710,Split,Q1663,43.51,16.45,Copenhagen,Q1748,55.676111111111,12.568888888889,1380.8775914548605
1577,"Cork - San Bartolomé, Las Palmas",105641,Cork,Q36647,51.9,-8.4730555555556,"San Bartolomé, Las Palmas",Q962773,29.0016342148498,-13.6139314665816,2581.499700628136
1578,Cologne - Heraklion,105528,Cologne,Q365,50.942222222222,6.9577777777778,Heraklion,Q160544,35.3402777777778,25.1344444444444,2264.3069162824063
1579,Dortmund - Gdańsk,105457,Dortmund,Q1295,51.513888888889,7.4652777777778,Gdańsk,Q1792,54.366666666667,18.633333333333,811.6988243422214
1580,Vilnius - Barcelona,105438,Vilnius,Q216,54.683333333333,25.283333333333,Barcelona,Q1492,41.3825,2.1769444444444,2248.244908304588
1581,Birmingham - Kraków,105415,Birmingham,Q2256,52.48,-1.9025,Kraków,Q31487,50.061388888889,19.937222222222,1536.8043136881652
1582,Stuttgart - Fuerteventura,105343,Stuttgart,Q1022,48.776111111111,9.1775,Fuerteventura,Q192534,28.4325,-14.003056,3004.6053188755895
1583,Venice - Brindisi,105199,Venice,Q641,45.439722222222,12.331944444444,Brindisi,Q13496,40.638333333333,17.945833333333,701.9141013890769
1584,Brussels - Reykjavík,105087,Brussels,Q239,50.8466666666667,4.35166666666667,Reykjavík,Q1764,64.1475,-21.935,2128.5886545775547
1585,Frankfurt - Ibiza,104791,Frankfurt,Q1794,50.113611111111,8.6797222222222,Ibiza,Q52631,38.98,1.43,1363.2436481813832
1586,Amsterdam - Innsbruck,104790,Amsterdam,Q727,52.383333333333,4.9,Innsbruck,Q1735,47.268333333333,11.393333333333,734.5504700839357
1587,Budapest - Nuremberg,104750,Budapest,Q1781,47.498333333333,19.040833333333,Nuremberg,Q2090,49.4538888888889,11.0775,625.6186102603248
1588,Frankfurt - Rhodes,104650,Frankfurt,Q1794,50.113611111111,8.6797222222222,Rhodes,Q43048,36.166666666667,28,2192.544371372909
1589,Düsseldorf - Leipzig,104577,Düsseldorf,Q1718,51.231144444444,6.7723805555556,Leipzig,Q2079,51.333333333333,12.383333333333,390.31653630519986
1590,Bari - Bucharest,104512,Bari,Q3519,41.125277777778,16.866666666667,Bucharest,Q19660,44.4,26.083333333333,835.2300436420721
1591,Paris - Olbia,104410,Paris,Q90,48.856944444444,2.3513888888889,Olbia,Q13630,40.916666666667,9.5,1046.1814528791954
1592,Athens - Ioannina,104132,Athens,Q1524,37.9841666666667,23.7280555555556,Ioannina,Q183199,39.6636111111111,20.8522222222222,311.3239962139744
1593,Milan - Comiso,104130,Milan,Q490,45.466944444444,9.19,Comiso,Q34072,36.95,14.6,1048.9971090713254
1594,Burgas - Manchester,104028,Burgas,Q6509,42.502965,27.470179,Manchester,Q18125,53.466666666667,-2.2333333333333,2498.543207209139
1595,Prague - Bucharest,103932,Prague,Q1085,50.083333333333,14.416666666667,Bucharest,Q19660,44.4,26.083333333333,1082.0091734400694
1596,Málaga - Cardiff,103899,Málaga,Q8851,36.716666666667,-4.4166666666667,Cardiff,Q10690,51.48,-3.18,1644.5150304951412
1597,Lille - Nantes,103874,Lille,Q648,50.631944444444,3.0575,Nantes,Q12191,47.217222222222,-1.5538888888889,507.4261023549661
1598,Amsterdam - Verona,103848,Amsterdam,Q727,52.383333333333,4.9,Verona,Q2028,45.4386111111111,10.9927777777778,890.6605034912567
1599,Split - Helsinki,103799,Split,Q1663,43.51,16.45,Helsinki,Q1757,60.17556,24.93417,1938.892756112718
1600,Oslo - Düsseldorf,103743,Oslo,Q585,59.911111111111,10.752777777778,Düsseldorf,Q1718,51.231144444444,6.7723805555556,996.6289076702187
1601,Barcelona - Riga,103669,Barcelona,Q1492,41.3825,2.1769444444444,Riga,Q1773,56.9475,24.106944444444,2332.6965104962023
1602,Toulouse - Bristol,103536,Toulouse,Q7880,43.604444444444,1.4438888888889,Bristol,Q23154,51.45,-2.5833333333333,922.9388989412657
1603,Geneva - Brindisi,103512,Geneva,Q71,46.2,6.15,Brindisi,Q13496,40.638333333333,17.945833333333,1133.998156206871
1604,Gdańsk - Bergen,103474,Gdańsk,Q1792,54.366666666667,18.633333333333,Bergen,Q26793,60.3925,5.3233333333333,1038.5467727216462
1605,London - Aarhus,102763,London,Q84,51.507222222222,-0.1275,Aarhus,Q25319,56.156388888889,10.209722222222,851.4317335501163
1606,Zürich - Dresden,102683,Zürich,Q72,47.378611111111,8.54,Dresden,Q1731,51.05,13.74,555.8973384351386
1607,Helsinki - Nice,102598,Helsinki,Q1757,60.17556,24.93417,Nice,Q33959,43.701944444444,7.2683333333333,2180.6118261634356
1608,London - Belgrade,102596,London,Q84,51.507222222222,-0.1275,Belgrade,Q3711,44.816666666667,20.466666666667,1691.1820060436378
1609,Manchester - Madeira,102593,Manchester,Q18125,53.466666666667,-2.2333333333333,Madeira,Q26253,32.75,-17,2585.060139718954
1610,Liverpool - Nice,102585,Liverpool,Q24826,53.4075,-2.99194444444444,Nice,Q33959,43.701944444444,7.2683333333333,1314.339152220174
1611,Manchester - Porto,102580,Manchester,Q18125,53.466666666667,-2.2333333333333,Porto,Q36433,41.149472222222,-8.6107777777778,1450.127621756948
1612,Helsinki - Mallorca,102411,Helsinki,Q1757,60.17556,24.93417,Mallorca,Q8828,39.616666666667,2.9833333333333,2746.070885733185
1613,Geneva - Helsinki,102376,Geneva,Q71,46.2,6.15,Helsinki,Q1757,60.17556,24.93417,1980.6275429573823
1614,Kraków - Leeds,102361,Kraków,Q31487,50.061388888889,19.937222222222,Leeds,Q39121,53.799722222222,-1.5491666666667,1524.0771282748478
1615,London - Sibiu,102142,London,Q84,51.507222222222,-0.1275,Sibiu,Q83324,45.8,24.15,1882.370946126366
1616,Budapest - Edinburgh,102130,Budapest,Q1781,47.498333333333,19.040833333333,Edinburgh,Q23436,55.95,-3.1988888888889,1785.1854742595822
1617,Munich - Olbia,102077,Munich,Q1726,48.1375,11.575,Olbia,Q13630,40.916666666667,9.5,819.5112931078106
1618,Dublin - Cardiff,101987,Dublin,Q1761,53.3497222222222,-6.26027777777778,Cardiff,Q10690,51.48,-3.18,294.6828646594078
1619,Lyon - Ajaccio,101954,Lyon,Q456,45.758888888889,4.8413888888889,Ajaccio,Q40104,41.925555555556,8.7363888888889,528.3099613120339
1620,Brussels - Carcassonne,101780,Brussels,Q239,50.8466666666667,4.35166666666667,Carcassonne,Q6582,43.215833333333,2.3513888888889,861.8594582129402
1621,Sofia - Larnaca,101616,Sofia,Q472,42.697886,23.321726,Larnaca,Q171882,34.916666666667,33.633333333333,1241.977170872336
1622,Paris - Ljubljana,101438,Paris,Q90,48.856944444444,2.3513888888889,Ljubljana,Q437,46.05,14.516666666667,965.2000258107141
1623,London - Limoges,101377,London,Q84,51.507222222222,-0.1275,Limoges,Q45656,45.834444444444,1.2616666666667,638.9474122498299
1624,Athens - Dublin,101373,Athens,Q1524,37.9841666666667,23.7280555555556,Dublin,Q1761,53.3497222222222,-6.26027777777778,2854.8878055068226
1625,Cagliari - Naples,101263,Cagliari,Q1897,39.216666666667,9.1166666666667,Naples,Q2634,40.833333333333,14.25,472.5240043142371
1626,Cologne - Manchester,101233,Cologne,Q365,50.942222222222,6.9577777777778,Manchester,Q18125,53.466666666667,-2.2333333333333,685.6986964173476
1627,Düsseldorf - Naples,101220,Düsseldorf,Q1718,51.231144444444,6.7723805555556,Naples,Q2634,40.833333333333,14.25,1290.686454928451
1628,Zürich - Riga,101080,Zürich,Q72,47.378611111111,8.54,Riga,Q1773,56.9475,24.106944444444,1496.5185893843086
1629,Gdańsk - Ålesund,100913,Gdańsk,Q1792,54.366666666667,18.633333333333,Ålesund,Q62266,62.4712388888889,6.15423888888889,1153.6248450827334
1630,Genoa - Naples,100882,Genoa,Q1449,44.407186111111,8.9339833333333,Naples,Q2634,40.833333333333,14.25,588.9378774434758
1631,Bristol - Nice,100734,Bristol,Q23154,51.45,-2.5833333333333,Nice,Q33959,43.701944444444,7.2683333333333,1133.0649245357577
1632,Nottingham - Ibiza,100627,Nottingham,Q41262,52.955,-1.1491666666667,Ibiza,Q52631,38.98,1.43,1566.417935779935
1633,Amsterdam - Bari,100602,Amsterdam,Q727,52.383333333333,4.9,Bari,Q3519,41.125277777778,16.866666666667,1544.2956715521032
1634,Paris - Dzaoudzi,100465,Paris,Q90,48.856944444444,2.3513888888889,Dzaoudzi,Q846048,-12.788333333333,45.2725,8045.230677349474
1635,Belfast - Kraków,100326,Belfast,Q10686,54.596388888889,-5.93,Kraków,Q31487,50.061388888889,19.937222222222,1816.988859018682
1636,Lisbon - Athens,100248,Lisbon,Q597,38.708042,-9.139016,Athens,Q1524,37.9841666666667,23.7280555555556,2851.933497351475
1637,Glasgow - Gran Canaria,100155,Glasgow,Q4093,55.8611111111111,-4.25,Gran Canaria,Q178925,27.958611111111,-15.5925,3231.957113657513
1638,Munich - Valencia,100115,Munich,Q1726,48.1375,11.575,Valencia,Q8818,39.47,-0.376388888888889,1356.6768474016828
1639,Prague - Mallorca,100025,Prague,Q1085,50.083333333333,14.416666666667,Mallorca,Q8828,39.616666666667,2.9833333333333,1468.5281695273118
1640,Eindhoven - Bucharest,100023,Eindhoven,Q9832,51.434444444444,5.4841666666667,Bucharest,Q19660,44.4,26.083333333333,1714.8040961219228
1641,London - Leeds,99883,London,Q84,51.507222222222,-0.1275,Leeds,Q39121,53.799722222222,-1.5491666666667,272.3419747447681
1642,Barcelona - Cluj-Napoca,99790,Barcelona,Q1492,41.3825,2.1769444444444,Cluj-Napoca,Q100188,46.78,23.559444444444,1803.5280065532338
1643,Geneva - Catania,99778,Geneva,Q71,46.2,6.15,Catania,Q1903,37.502669444444,15.087269444444,1216.2081950956383
1644,Hanover - Tenerife,99777,Hanover,Q1715,52.374444444444,9.7386111111111,Tenerife,Q40846,28.268611111111,-16.605555555556,3449.7259337558967
1645,Helsinki - Turku,99693,Helsinki,Q1757,60.17556,24.93417,Turku,Q38511,60.451666666667,22.27,149.88157918933854
1646,Prague - Birmingham,99684,Prague,Q1085,50.083333333333,14.416666666667,Birmingham,Q2256,52.48,-1.9025,1163.1556967406516
1647,Verona - Bari,99411,Verona,Q2028,45.4386111111111,10.9927777777778,Bari,Q3519,41.125277777778,16.866666666667,675.0095907269066
1648,Amsterdam - Inverness,99404,Amsterdam,Q727,52.383333333333,4.9,Inverness,Q160493,57.483888888889,-4.2258333333333,812.0846735766721
1649,Brussels - Riga,99254,Brussels,Q239,50.8466666666667,4.35166666666667,Riga,Q1773,56.9475,24.106944444444,1454.051941905424
1650,London - Bacău,98862,London,Q84,51.507222222222,-0.1275,Bacău,Q10737004,46.583333333333,26.916666666667,2032.668958556605
1651,Bucharest - Chișinău,98740,Bucharest,Q19660,44.4,26.083333333333,Chișinău,Q21197,47.0227777777778,28.8352777777778,361.4867198476858
1652,Berlin - Bristol,98731,Berlin,Q64,52.516666666667,13.383333333333,Bristol,Q23154,51.45,-2.5833333333333,1097.5944175007637
1653,Rome - Nantes,98692,Rome,Q220,41.893055555556,12.482777777778,Nantes,Q12191,47.217222222222,-1.5538888888889,1257.3520216776926
1654,Gdańsk - Kraków,98383,Gdańsk,Q1792,54.366666666667,18.633333333333,Kraków,Q31487,50.061388888889,19.937222222222,486.87530896438255
1655,Munich - Nantes,98105,Munich,Q1726,48.1375,11.575,Nantes,Q12191,47.217222222222,-1.5538888888889,987.0282313357121
1656,Athens - Naxos Island,97997,Athens,Q1524,37.9841666666667,23.7280555555556,Naxos Island,Q188527,37.083333333333,25.466666666667,183.12375631470184
1657,Trondheim - Sandefjord,97986,Trondheim,Q25804,63.44,10.4,Sandefjord,Q109005,59.12881,10.21971,479.4794617271683
1658,Seville - Eindhoven,97969,Seville,Q8717,37.383333333333,-5.9833333333333,Eindhoven,Q9832,51.434444444444,5.4841666666667,1803.7027667453563
1659,Rome - Kraków,97675,Rome,Q220,41.893055555556,12.482777777778,Kraków,Q31487,50.061388888889,19.937222222222,1074.3265371397958
1660,Geneva - Naples,97665,Geneva,Q71,46.2,6.15,Naples,Q2634,40.833333333333,14.25,883.8658633672362
1661,Stuttgart - Split,97649,Stuttgart,Q1022,48.776111111111,9.1775,Split,Q1663,43.51,16.45,809.7261832745324
1662,Zürich - Birmingham,97576,Zürich,Q72,47.378611111111,8.54,Birmingham,Q2256,52.48,-1.9025,936.8284728689371
1663,Leipzig - Heraklion,97574,Leipzig,Q2079,51.333333333333,12.383333333333,Heraklion,Q160544,35.3402777777778,25.1344444444444,2049.017609601059
1664,Venice - Athens,97509,Venice,Q641,45.439722222222,12.331944444444,Athens,Q1524,37.9841666666667,23.7280555555556,1255.598699166859
1665,Prague - Bristol,97483,Prague,Q1085,50.083333333333,14.416666666667,Bristol,Q23154,51.45,-2.5833333333333,1202.4345589941468
1666,Warsaw - Gothenburg,97429,Warsaw,Q270,52.216666666667,21.033333333333,Gothenburg,Q25287,57.671706102705,11.980966694056,836.6214098749922
1667,Düsseldorf - Jerez de la Frontera,97179,Düsseldorf,Q1718,51.231144444444,6.7723805555556,Jerez de la Frontera,Q12303,36.7,-6.1166666666667,1910.76324615158
1668,Cologne - Faro,97179,Cologne,Q365,50.942222222222,6.9577777777778,Faro,Q159457,37.0161111111111,-7.935,1946.1366529362235
1669,Cologne - Porto,97034,Cologne,Q365,50.942222222222,6.9577777777778,Porto,Q36433,41.149472222222,-8.6107777777778,1615.5406071088776
1670,Budapest - Bucharest,96999,Budapest,Q1781,47.498333333333,19.040833333333,Bucharest,Q19660,44.4,26.083333333333,643.9379625834083
1671,Girona - Eindhoven,96673,Girona,Q7038,41.983333333333,2.8166666666667,Eindhoven,Q9832,51.434444444444,5.4841666666667,1070.223632302235
1672,Dublin - Wrocław,96607,Dublin,Q1761,53.3497222222222,-6.26027777777778,Wrocław,Q1799,51.11,17.0325,1598.443700861838
1673,Seville - Ibiza,96514,Seville,Q8717,37.383333333333,-5.9833333333333,Ibiza,Q52631,38.98,1.43,671.624034541614
1674,Madrid - Bari,96331,Madrid,Q2807,40.418888888889,-3.6919444444444,Bari,Q3519,41.125277777778,16.866666666667,1728.9931992124662
1675,Alicante - Sandefjord,96301,Alicante,Q11959,38.345277777778,-0.48305555555556,Sandefjord,Q109005,59.12881,10.21971,2433.6213546669287
1676,Manchester - Kos,96245,Manchester,Q18125,53.466666666667,-2.2333333333333,Kos,Q187027,36.815277777778,27.110277777778,2918.190052641944
1677,Oslo - Tenerife,95971,Oslo,Q585,59.911111111111,10.752777777778,Tenerife,Q40846,28.268611111111,-16.605555555556,4078.9964700796154
1678,London - Girona,95792,London,Q84,51.507222222222,-0.1275,Girona,Q7038,41.983333333333,2.8166666666667,1082.2714645087249
1679,Lisbon - Naples,95778,Lisbon,Q597,38.708042,-9.139016,Naples,Q2634,40.833333333333,14.25,2006.837897597188
1680,Ljubljana - Amsterdam,95756,Ljubljana,Q437,46.05,14.516666666667,Amsterdam,Q727,52.383333333333,4.9,990.2882710800158
1681,Cardiff - Tenerife,95714,Cardiff,Q10690,51.48,-3.18,Tenerife,Q40846,28.268611111111,-16.605555555556,2813.4603803663417
1682,Nantes - Heraklion,95608,Nantes,Q12191,47.217222222222,-1.5538888888889,Heraklion,Q160544,35.3402777777778,25.1344444444444,2572.789031871772
1683,Milan - Mykonos,95554,Milan,Q490,45.466944444444,9.19,Mykonos,Q190210,37.45,25.333333333333,1609.1347724707978
1684,Frankfurt - Madeira,95473,Frankfurt,Q1794,50.113611111111,8.6797222222222,Madeira,Q26253,32.75,-17,2856.4861646627865
1685,Warsaw - Burgas,95409,Warsaw,Q270,52.216666666667,21.033333333333,Burgas,Q6509,42.502965,27.470179,1182.804901409415
1686,Valencia - Santiago de Compostela,95236,Valencia,Q8818,39.47,-0.376388888888889,Santiago de Compostela,Q14314,42.883333333333,-8.5333333333333,780.5951098564519
1687,London - Olbia,95213,London,Q84,51.507222222222,-0.1275,Olbia,Q13630,40.916666666667,9.5,1388.6025860293912
1688,Prague - Bologna,95181,Prague,Q1085,50.083333333333,14.416666666667,Bologna,Q1891,44.493888888889,11.342777777778,663.2031242617217
1689,Berlin - Pisa,94798,Berlin,Q64,52.516666666667,13.383333333333,Pisa,Q13375,43.716666666667,10.4,1003.0359347044202
1690,Bucharest - Doncaster,94449,Bucharest,Q19660,44.4,26.083333333333,Doncaster,Q58900,53.5227777777778,-1.1325,2212.071716988714
1691,Madrid - Cavtat,94383,Madrid,Q2807,40.418888888889,-3.6919444444444,Cavtat,Q221350,42.579444444444,18.220833333333,1835.4326025460537
1692,Malta - Amsterdam,94289,Malta,Q233,35.883333333333,14.5,Amsterdam,Q727,52.383333333333,4.9,1984.1664720404367
1693,Berlin - Faro,94263,Berlin,Q64,52.516666666667,13.383333333333,Faro,Q159457,37.0161111111111,-7.935,2391.334901592314
1694,Dublin - Cavtat,94229,Dublin,Q1761,53.3497222222222,-6.26027777777778,Cavtat,Q221350,42.579444444444,18.220833333333,2163.9671653540636
1695,Skopje - Malmö,94219,Skopje,Q384,41.983333333333,21.433333333333,Malmö,Q2211,55.593188589918,13.021423031021,1631.1996531532927
1696,Gdańsk - Malmö,94094,Gdańsk,Q1792,54.366666666667,18.633333333333,Malmö,Q2211,55.593188589918,13.021423031021,383.0571173381101
1697,Helsinki - Cavtat,94058,Helsinki,Q1757,60.17556,24.93417,Cavtat,Q221350,42.579444444444,18.220833333333,2008.844925558682
1698,Kleve - Málaga,94038,Kleve,Q6246,51.666666666667,6.25,Málaga,Q8851,36.716666666667,-4.4166666666667,1862.7615702372261
1699,Sofia - Memmingen,93947,Sofia,Q472,42.697886,23.321726,Memmingen,Q14825,47.987777777778,10.181111111111,1181.2422609200828
1700,Frankfurt - Glasgow,93862,Frankfurt,Q1794,50.113611111111,8.6797222222222,Glasgow,Q4093,55.8611111111111,-4.25,1073.105010030587
1701,Leeds - Ibiza,93776,Leeds,Q39121,53.799722222222,-1.5491666666667,Ibiza,Q52631,38.98,1.43,1663.2659342672007
1702,London - Preveza,93566,London,Q84,51.507222222222,-0.1275,Preveza,Q213898,38.95,20.75,2136.4475980391844
1703,Amsterdam - Strasbourg,93538,Amsterdam,Q727,52.383333333333,4.9,Strasbourg,Q6602,48.573333333333,7.7522222222222,469.18011191512005
1704,Kleve - Alicante,93519,Kleve,Q6246,51.666666666667,6.25,Alicante,Q11959,38.345277777778,-0.48305555555556,1571.3513820383284
1705,Paris - Fuerteventura,93462,Paris,Q90,48.856944444444,2.3513888888889,Fuerteventura,Q192534,28.4325,-14.003056,2665.903291897367
1706,Bristol - Ibiza,93453,Bristol,Q23154,51.45,-2.5833333333333,Ibiza,Q52631,38.98,1.43,1421.2291257753593
1707,Brussels - Nîmes,93320,Brussels,Q239,50.8466666666667,4.35166666666667,Nîmes,Q42807,43.836944444444,4.36,779.4470232061971
1708,Alicante - Bergen,93182,Alicante,Q11959,38.345277777778,-0.48305555555556,Bergen,Q26793,60.3925,5.3233333333333,2485.0669302240512
1709,Malta - Budapest,93141,Malta,Q233,35.883333333333,14.5,Budapest,Q1781,47.498333333333,19.040833333333,1344.8170263770933
1710,Mallorca - Salzburg,93135,Mallorca,Q8828,39.616666666667,2.9833333333333,Salzburg,Q34713,47.7972,13.04768,1215.286820737192
1711,Bordeaux - Mallorca,93031,Bordeaux,Q1479,44.837777777778,-0.57944444444444,Mallorca,Q8828,39.616666666667,2.9833333333333,650.2991447221644
1712,Munich - Alicante,93019,Munich,Q1726,48.1375,11.575,Alicante,Q11959,38.345277777778,-0.48305555555556,1459.2626208239383
1713,Luxembourg - Nice,92950,Luxembourg,Q1842,49.610555555556,6.1327777777778,Nice,Q33959,43.701944444444,7.2683333333333,662.6781204478667
1714,Venice - Copenhagen,92826,Venice,Q641,45.439722222222,12.331944444444,Copenhagen,Q1748,55.676111111111,12.568888888889,1138.3575803295378
1715,Rennes - Toulouse,92807,Rennes,Q647,48.114166666667,-1.6808333333333,Toulouse,Q7880,43.604444444444,1.4438888888889,556.6676404239164
1716,Vilnius - Sandefjord,92789,Vilnius,Q216,54.683333333333,25.283333333333,Sandefjord,Q109005,59.12881,10.21971,1036.3548756996954
1717,Berlin - Tenerife,92611,Berlin,Q64,52.516666666667,13.383333333333,Tenerife,Q40846,28.268611111111,-16.605555555556,3653.581407722877
1718,Seville - Nantes,92521,Seville,Q8717,37.383333333333,-5.9833333333333,Nantes,Q12191,47.217222222222,-1.5538888888889,1152.058933618721
1719,London - Pescara,92468,London,Q84,51.507222222222,-0.1275,Pescara,Q2704,42.464277777778,14.214188888889,1476.6024589296246
1720,Vienna - Salzburg,92448,Vienna,Q1741,48.20833,16.373064,Salzburg,Q34713,47.7972,13.04768,251.5756136981866
1721,Paris - Vilnius,92395,Paris,Q90,48.856944444444,2.3513888888889,Vilnius,Q216,54.683333333333,25.283333333333,1696.0443153443778
1722,Leeds - Gran Canaria,92353,Leeds,Q39121,53.799722222222,-1.5491666666667,Gran Canaria,Q178925,27.958611111111,-15.5925,3093.495713280707
1723,Milan - Thessaloniki,92325,Milan,Q490,45.466944444444,9.19,Thessaloniki,Q17151,40.6402777777778,22.9355555555556,1236.9097649495025
1724,Amsterdam - Olbia,92261,Amsterdam,Q727,52.383333333333,4.9,Olbia,Q13630,40.916666666667,9.5,1321.8047553040788
1725,London - Bergerac,92070,London,Q84,51.507222222222,-0.1275,Bergerac,Q187911,44.851111111111,0.48194444444444,741.4977283554588
1726,Rome - Nuremberg,91916,Rome,Q220,41.893055555556,12.482777777778,Nuremberg,Q2090,49.4538888888889,11.0775,847.7455213202751
1727,Turin - Brindisi,91910,Turin,Q495,45.066666666667,7.7,Brindisi,Q13496,40.638333333333,17.945833333333,968.4792433312195
1728,Turin - Cagliari,91895,Turin,Q495,45.066666666667,7.7,Cagliari,Q1897,39.216666666667,9.1166666666667,660.8637077919803
1729,Dublin - Porto,91805,Dublin,Q1761,53.3497222222222,-6.26027777777778,Porto,Q36433,41.149472222222,-8.6107777777778,1367.962390661365
1730,Lyon - Heraklion,91798,Lyon,Q456,45.758888888889,4.8413888888889,Heraklion,Q160544,35.3402777777778,25.1344444444444,2059.8286611925473
1731,London - Perugia,91760,London,Q84,51.507222222222,-0.1275,Perugia,Q3437,43.1121,12.3888,1323.9232836123895
1732,Rome - Edinburgh,91753,Rome,Q220,41.893055555556,12.482777777778,Edinburgh,Q23436,55.95,-3.1988888888889,1928.3809545801487
1733,London - Zaragoza,91750,London,Q84,51.507222222222,-0.1275,Zaragoza,Q10305,41.65,-0.88333333333333,1097.5797810908412
1734,Dublin - Nantes,91739,Dublin,Q1761,53.3497222222222,-6.26027777777778,Nantes,Q12191,47.217222222222,-1.5538888888889,759.0839706368434
1735,Dublin - Luxembourg,91486,Dublin,Q1761,53.3497222222222,-6.26027777777778,Luxembourg,Q1842,49.610555555556,6.1327777777778,951.9290687815311
1736,Paris - Aberdeen,91414,Paris,Q90,48.856944444444,2.3513888888889,Aberdeen,Q36405,57.15,-2.1,968.5409503446427
1737,Rome - Bacău,91331,Rome,Q220,41.893055555556,12.482777777778,Bacău,Q10737004,46.583333333333,26.916666666667,1260.147859743216
1738,Paris - Billund,91240,Paris,Q90,48.856944444444,2.3513888888889,Billund,Q1701099,55.730833333333,9.1152777777778,891.1436380672408
1739,Nantes - Bastia,91239,Nantes,Q12191,47.217222222222,-1.5538888888889,Bastia,Q134698,42.7,9.4494444444444,999.5872864913265
1740,Bristol - Inverness,91219,Bristol,Q23154,51.45,-2.5833333333333,Inverness,Q160493,57.483888888889,-4.2258333333333,679.2299641269195
1741,Frankfurt - Corfu,91184,Frankfurt,Q1794,50.113611111111,8.6797222222222,Corfu,Q121378,39.623888888889,19.82,1456.530831960259
1742,Geneva - Santiago de Compostela,91178,Geneva,Q71,46.2,6.15,Santiago de Compostela,Q14314,42.883333333333,-8.5333333333333,1218.639589044361
1743,Zürich - Reykjavík,91123,Zürich,Q72,47.378611111111,8.54,Reykjavík,Q1764,64.1475,-21.935,2619.0848872736547
1744,Vienna - Cavtat,91020,Vienna,Q1741,48.20833,16.373064,Cavtat,Q221350,42.579444444444,18.220833333333,642.2650601767978
1745,Lyon - Bastia,91014,Lyon,Q456,45.758888888889,4.8413888888889,Bastia,Q134698,42.7,9.4494444444444,500.3361271416137
1746,Eindhoven - Gran Canaria,90942,Eindhoven,Q9832,51.434444444444,5.4841666666667,Gran Canaria,Q178925,27.958611111111,-15.5925,3147.9980788727753
1747,Valencia - Gran Canaria,90857,Valencia,Q8818,39.47,-0.376388888888889,Gran Canaria,Q178925,27.958611111111,-15.5925,1897.3606569011122
1748,Verona - Chișinău,90705,Verona,Q2028,45.4386111111111,10.9927777777778,Chișinău,Q21197,47.0227777777778,28.8352777777778,1380.636856420534
1749,Catania - Madrid,90699,Catania,Q1903,37.502669444444,15.087269444444,Madrid,Q2807,40.418888888889,-3.6919444444444,1652.4200456327528
1750,Dublin - Fuerteventura,90661,Dublin,Q1761,53.3497222222222,-6.26027777777778,Fuerteventura,Q192534,28.4325,-14.003056,2842.1816247574407
1751,Valencia - Pisa,90646,Valencia,Q8818,39.47,-0.376388888888889,Pisa,Q13375,43.716666666667,10.4,1011.8355663823711
1752,Stockholm - Vaasa,90439,Stockholm,Q1754,59.329444444444,18.068611111111,Vaasa,Q125080,63.1,21.616666666667,460.13529238253943
1753,Birmingham - Corfu,90265,Birmingham,Q2256,52.48,-1.9025,Corfu,Q121378,39.623888888889,19.82,2187.73338901082
1754,Brussels - Thessaloniki,90226,Brussels,Q239,50.8466666666667,4.35166666666667,Thessaloniki,Q17151,40.6402777777778,22.9355555555556,1826.3058934469598
1755,Lisbon - Horta,90121,Lisbon,Q597,38.708042,-9.139016,Horta,Q990385,38.533333333333,-28.633333333333,1690.4985614174811
1756,Berlin - Kraków,89893,Berlin,Q64,52.516666666667,13.383333333333,Kraków,Q31487,50.061388888889,19.937222222222,530.9774112107352
1757,Eindhoven - Porto,89866,Eindhoven,Q9832,51.434444444444,5.4841666666667,Porto,Q36433,41.149472222222,-8.6107777777778,1569.7548221877826
1758,Rome - Stuttgart,89833,Rome,Q220,41.893055555556,12.482777777778,Stuttgart,Q1022,48.776111111111,9.1775,807.5848135321597
1759,Split - Manchester,89729,Split,Q1663,43.51,16.45,Manchester,Q18125,53.466666666667,-2.2333333333333,1757.5893515514704
1760,Malta - Birmingham,89725,Malta,Q233,35.883333333333,14.5,Birmingham,Q2256,52.48,-1.9025,2250.499464979427
1761,Bristol - Paphos District,89721,Bristol,Q23154,51.45,-2.5833333333333,Paphos District,Q59133,34.77682,32.419736,3344.2152784697478
1762,Zürich - Gothenburg,89628,Zürich,Q72,47.378611111111,8.54,Gothenburg,Q25287,57.671706102705,11.980966694056,1167.5894362365414
1763,Vienna - Bari,89612,Vienna,Q1741,48.20833,16.373064,Bari,Q3519,41.125277777778,16.866666666667,788.5626169870102
1764,Alicante - Tenerife,89592,Alicante,Q11959,38.345277777778,-0.48305555555556,Tenerife,Q40846,28.268611111111,-16.605555555556,1866.1381794938586
1765,Vilnius - Tallinn,89565,Vilnius,Q216,54.683333333333,25.283333333333,Tallinn,Q1770,59.437222222222,24.745,529.605641720534
1766,Stuttgart - Dresden,89536,Stuttgart,Q1022,48.776111111111,9.1775,Dresden,Q1731,51.05,13.74,412.980521630662
1767,Cologne - Copenhagen,89508,Cologne,Q365,50.942222222222,6.9577777777778,Copenhagen,Q1748,55.676111111111,12.568888888889,644.5772340067657
1768,Verona - Naples,89499,Verona,Q2028,45.4386111111111,10.9927777777778,Naples,Q2634,40.833333333333,14.25,576.141760530317
1769,Paris - Belfast,89301,Paris,Q90,48.856944444444,2.3513888888889,Belfast,Q10686,54.596388888889,-5.93,854.8131492973295
1770,Rotterdam - Ibiza,89283,Rotterdam,Q34370,51.9225,4.47917,Ibiza,Q52631,38.98,1.43,1458.3240357997493
1771,Nottingham - Gran Canaria,89131,Nottingham,Q41262,52.955,-1.1491666666667,Gran Canaria,Q178925,27.958611111111,-15.5925,3023.1125983501947
1772,Brussels - Rhodes,89093,Brussels,Q239,50.8466666666667,4.35166666666667,Rhodes,Q43048,36.166666666667,28,2490.6782298028174
1773,Marseille - Porto-Vecchio,89046,Marseille,Q23482,43.296666666667,5.3763888888889,Porto-Vecchio,Q241567,41.590833333333,9.2797222222222,372.1817001792908
1774,Barcelona - Catania,88911,Barcelona,Q1492,41.3825,2.1769444444444,Catania,Q1903,37.502669444444,15.087269444444,1188.1322175281537
1775,Milan - Nuremberg,88867,Milan,Q490,45.466944444444,9.19,Nuremberg,Q2090,49.4538888888889,11.0775,465.44380474079776
1776,Rome - Santorini,88802,Rome,Q220,41.893055555556,12.482777777778,Santorini,Q129296,36.416666666667,25.433333333333,1269.9605843402194
1777,"Santiago de Compostela - San Bartolomé, Las Palmas",88792,Santiago de Compostela,Q14314,42.883333333333,-8.5333333333333,"San Bartolomé, Las Palmas",Q962773,29.0016342148498,-13.6139314665816,1609.0774843620748
1778,Barcelona - Rotterdam,88703,Barcelona,Q1492,41.3825,2.1769444444444,Rotterdam,Q34370,51.9225,4.47917,1184.9346457217443
1779,Amsterdam - Ålesund,88699,Amsterdam,Q727,52.383333333333,4.9,Ålesund,Q62266,62.4712388888889,6.15423888888889,1124.181490628385
1780,Seville - A Coruña,88627,Seville,Q8717,37.383333333333,-5.9833333333333,A Coruña,Q8757,43.366666666667,-8.3833333333333009,695.5995899350779
1781,Munich - Palermo,88383,Munich,Q1726,48.1375,11.575,Palermo,Q2656,38.115658,13.361262,1123.6819457701408
1782,Milan - Iași,88320,Milan,Q490,45.466944444444,9.19,Iași,Q46852,47.162222222222,27.588888888889,1422.2148361770544
1783,Milan - Mahon,88301,Milan,Q490,45.466944444444,9.19,Mahon,Q49550,39.889444444444,4.2641666666667,739.1094932258848
1784,London - Isle of Man,88259,London,Q84,51.507222222222,-0.1275,Isle of Man,Q9676,54.235,-4.525,423.06754325613167
1785,Milan - Gdańsk,88255,Milan,Q490,45.466944444444,9.19,Gdańsk,Q1792,54.366666666667,18.633333333333,1196.2624496297128
1786,Birmingham - Mahon,88218,Birmingham,Q2256,52.48,-1.9025,Mahon,Q49550,39.889444444444,4.2641666666667,1476.959635202656
1787,Düsseldorf - Valencia,88186,Düsseldorf,Q1718,51.231144444444,6.7723805555556,Valencia,Q8818,39.47,-0.376388888888889,1420.4522325250832
1788,Helsinki - Tampere,88037,Helsinki,Q1757,60.17556,24.93417,Tampere,Q40840,61.4980555555556,23.76,160.22174403903568
1789,Hamburg - Salzburg,88021,Hamburg,Q1055,53.55,10,Salzburg,Q34713,47.7972,13.04768,674.6111152579624
1790,Berlin - Heraklion,87928,Berlin,Q64,52.516666666667,13.383333333333,Heraklion,Q160544,35.3402777777778,25.1344444444444,2122.9015131381357
1791,Tyne and Wear - Ibiza,87882,Tyne and Wear,Q23080,54.974,-1.6132,Ibiza,Q52631,38.98,1.43,1792.9452055957895
1792,Bologna - Chișinău,87860,Bologna,Q1891,44.493888888889,11.342777777778,Chișinău,Q21197,47.0227777777778,28.8352777777778,1382.775185387201
1793,Girona - Manchester,87591,Girona,Q7038,41.983333333333,2.8166666666667,Manchester,Q18125,53.466666666667,-2.2333333333333,1330.7396915837776
1794,Zürich - Ljubljana,87563,Zürich,Q72,47.378611111111,8.54,Ljubljana,Q437,46.05,14.516666666667,478.8622055235074
1795,Athens - Kefalonia,87443,Athens,Q1524,37.9841666666667,23.7280555555556,Kefalonia,Q178488,38.265,20.5525,279.51363298142746
1796,Paris - Liverpool,87272,Paris,Q90,48.856944444444,2.3513888888889,Liverpool,Q24826,53.4075,-2.99194444444444,628.1541700253374
1797,Warsaw - Nice,87237,Warsaw,Q270,52.216666666667,21.033333333333,Nice,Q33959,43.701944444444,7.2683333333333,1391.0927998384257
1798,Liverpool - Connacht,87217,Liverpool,Q24826,53.4075,-2.99194444444444,Connacht,Q164421,53.78,-9.05,401.8168791610337
1799,Düsseldorf - Corfu,87201,Düsseldorf,Q1718,51.231144444444,6.7723805555556,Corfu,Q121378,39.623888888889,19.82,1638.8300850445153
1800,Bristol - Gran Canaria,87196,Bristol,Q23154,51.45,-2.5833333333333,Gran Canaria,Q178925,27.958611111111,-15.5925,2829.452096374871
1801,Paris - Bergen,87096,Paris,Q90,48.856944444444,2.3513888888889,Bergen,Q26793,60.3925,5.3233333333333,1296.5519002545432
1802,Vienna - Podgorica,87045,Vienna,Q1741,48.20833,16.373064,Podgorica,Q23564,42.439722222222,19.266111111111,680.01682046397
1803,Venice - Olbia,86968,Venice,Q641,45.439722222222,12.331944444444,Olbia,Q13630,40.916666666667,9.5,552.7900317374572
1804,Venice - Düsseldorf,86948,Venice,Q641,45.439722222222,12.331944444444,Düsseldorf,Q1718,51.231144444444,6.7723805555556,763.4333249859027
1805,Bilbao - Ibiza,86849,Bilbao,Q8692,43.262222222222,-2.9533333333333,Ibiza,Q52631,38.98,1.43,601.0918045292708
1806,Ponta Delgada - Horta,86726,Ponta Delgada,Q208149,37.74,-25.67,Horta,Q990385,38.533333333333,-28.633333333333,273.75693615900315
1807,Geneva - Venice,86717,Geneva,Q71,46.2,6.15,Venice,Q641,45.439722222222,12.331944444444,486.3316299993755
1808,Wrocław - Eindhoven,86665,Wrocław,Q1799,51.11,17.0325,Eindhoven,Q9832,51.434444444444,5.4841666666667,803.3468908670701
1809,Bilbao - Mahon,86567,Bilbao,Q8692,43.262222222222,-2.9533333333333,Mahon,Q49550,39.889444444444,4.2641666666667,707.486489819835
1810,Pisa - Manchester,86524,Pisa,Q13375,43.716666666667,10.4,Manchester,Q18125,53.466666666667,-2.2333333333333,1423.58256436647
1811,London - Santander,86405,London,Q84,51.507222222222,-0.1275,Santander,Q12233,43.466666666667,-3.8,935.3754354448754
1812,Milan - Craiova,86404,Milan,Q490,45.466944444444,9.19,Craiova,Q168057,44.333333333333,23.816666666667,1157.2980481025925
1813,Stockholm - Turku,86299,Stockholm,Q1754,59.329444444444,18.068611111111,Turku,Q38511,60.451666666667,22.27,265.44285650068554
1814,Warsaw - Reykjavík,86223,Warsaw,Q270,52.216666666667,21.033333333333,Reykjavík,Q1764,64.1475,-21.935,2773.5571026355306
1815,Lyon - Lille,86195,Lyon,Q456,45.758888888889,4.8413888888889,Lille,Q648,50.631944444444,3.0575,557.7138383775543
1816,Amsterdam - Montpellier,86193,Amsterdam,Q727,52.383333333333,4.9,Montpellier,Q6441,43.610919444444,3.8772305555556,978.3863584429911
1817,Brussels - Nantes,86096,Brussels,Q239,50.8466666666667,4.35166666666667,Nantes,Q12191,47.217222222222,-1.5538888888889,589.7744919493549
1818,Isle of Man - Manchester,85925,Isle of Man,Q9676,54.235,-4.525,Manchester,Q18125,53.466666666667,-2.2333333333333,172.88748351020513
1819,Milan - Chișinău,85864,Milan,Q490,45.466944444444,9.19,Chișinău,Q21197,47.0227777777778,28.8352777777778,1516.544924812863
1820,Düsseldorf - Bilbao,85657,Düsseldorf,Q1718,51.231144444444,6.7723805555556,Bilbao,Q8692,43.262222222222,-2.9533333333333,1148.7027101769725
1821,"Brussels - San Bartolomé, Las Palmas",85601,Brussels,Q239,50.8466666666667,4.35166666666667,"San Bartolomé, Las Palmas",Q962773,29.0016342148498,-13.6139314665816,2854.9035349714554
1822,London - Carcassonne,85445,London,Q84,51.507222222222,-0.1275,Carcassonne,Q6582,43.215833333333,2.3513888888889,940.5290984200429
1823,Seville - Santiago de Compostela,85275,Seville,Q8717,37.383333333333,-5.9833333333333,Santiago de Compostela,Q14314,42.883333333333,-8.5333333333333,648.768932943249
1824,Barcelona - Valencia,85247,Barcelona,Q1492,41.3825,2.1769444444444,Valencia,Q8818,39.47,-0.376388888888889,303.1827620254859
1825,Rome - Hamburg,85197,Rome,Q220,41.893055555556,12.482777777778,Hamburg,Q1055,53.55,10,1309.2210687483355
1826,Lisbon - Edinburgh,85150,Lisbon,Q597,38.708042,-9.139016,Edinburgh,Q23436,55.95,-3.1988888888889,1967.0206602512194
1827,Málaga - Nantes,85126,Málaga,Q8851,36.716666666667,-4.4166666666667,Nantes,Q12191,47.217222222222,-1.5538888888889,1191.129896134164
1828,Zürich - Bordeaux,85119,Zürich,Q72,47.378611111111,8.54,Bordeaux,Q1479,44.837777777778,-0.57944444444444,757.0924342534607
1829,Manchester - Limerick,84991,Manchester,Q18125,53.466666666667,-2.2333333333333,Limerick,Q133315,52.6653,-8.6238,436.0279473871444
1830,Bergen - Gran Canaria,84967,Bergen,Q26793,60.3925,5.3233333333333,Gran Canaria,Q178925,27.958611111111,-15.5925,3934.905958851862
1831,Brussels - Kos,84875,Brussels,Q239,50.8466666666667,4.35166666666667,Kos,Q187027,36.815277777778,27.110277777778,2383.9007538797455
1832,Amsterdam - Madeira,84810,Amsterdam,Q727,52.383333333333,4.9,Madeira,Q26253,32.75,-17,2802.2684834639863
1833,Helsinki - Kajaani,84767,Helsinki,Q1757,60.17556,24.93417,Kajaani,Q193180,64.225,27.733333333333,472.98597692926074
1834,Budapest - Málaga,84716,Budapest,Q1781,47.498333333333,19.040833333333,Málaga,Q8851,36.716666666667,-4.4166666666667,2262.756409949145
1835,Bologna - Ibiza,84631,Bologna,Q1891,44.493888888889,11.342777777778,Ibiza,Q52631,38.98,1.43,1024.6552263343162
1836,Lisbon - Bristol,84525,Lisbon,Q597,38.708042,-9.139016,Bristol,Q23154,51.45,-2.5833333333333,1505.940947120423
1837,Berlin - Glasgow,84509,Berlin,Q64,52.516666666667,13.383333333333,Glasgow,Q4093,55.8611111111111,-4.25,1202.1398521300891
1838,Mallorca - Oviedo,84412,Mallorca,Q8828,39.616666666667,2.9833333333333,Oviedo,Q14317,43.3625,-5.8502777777778,844.8360615103539
1839,Lisbon - Bucharest,84340,Lisbon,Q597,38.708042,-9.139016,Bucharest,Q19660,44.4,26.083333333333,2974.223823159096
1840,Madrid - Cluj-Napoca,84172,Madrid,Q2807,40.418888888889,-3.6919444444444,Cluj-Napoca,Q100188,46.78,23.559444444444,2292.132043217037
1841,Birmingham - Cork,84113,Birmingham,Q2256,52.48,-1.9025,Cork,Q36647,51.9,-8.4730555555556,452.35533988591754
1842,Frankfurt - Kos,84050,Frankfurt,Q1794,50.113611111111,8.6797222222222,Kos,Q187027,36.815277777778,27.110277777778,2086.435949546903
1843,Warsaw - Stuttgart,83930,Warsaw,Q270,52.216666666667,21.033333333333,Stuttgart,Q1022,48.776111111111,9.1775,920.3232333672678
1844,Venice - Chișinău,83868,Venice,Q641,45.439722222222,12.331944444444,Chișinău,Q21197,47.0227777777778,28.8352777777778,1279.1235233320526
1845,Birmingham - Rhodes,83797,Birmingham,Q2256,52.48,-1.9025,Rhodes,Q43048,36.166666666667,28,2955.9258327252583
1846,Hamburg - Budapest,83764,Hamburg,Q1055,53.55,10,Budapest,Q1781,47.498333333333,19.040833333333,926.6740838890579
1847,Helsinki - Gdańsk,83660,Helsinki,Q1757,60.17556,24.93417,Gdańsk,Q1792,54.366666666667,18.633333333333,748.0545665076211
1848,Manchester - Kefalonia,83372,Manchester,Q18125,53.466666666667,-2.2333333333333,Kefalonia,Q178488,38.265,20.5525,2423.2462305381123
1849,Munich - Kos,83362,Munich,Q1726,48.1375,11.575,Kos,Q187027,36.815277777778,27.110277777778,1784.7025525334504
1850,Warsaw - Cologne,83134,Warsaw,Q270,52.216666666667,21.033333333333,Cologne,Q365,50.942222222222,6.9577777777778,981.2855510289808
1851,Dublin - Kaunas,83023,Dublin,Q1761,53.3497222222222,-6.26027777777778,Kaunas,Q4115712,54.9,23.933333333333,1959.632384233679
1852,Madrid - Liverpool,82923,Madrid,Q2807,40.418888888889,-3.6919444444444,Liverpool,Q24826,53.4075,-2.99194444444444,1445.2297059088269
1853,Oslo - Ørsta,82903,Oslo,Q585,59.911111111111,10.752777777778,Ørsta,Q10728780,62.1997,6.12889,355.75625439191026
1854,Chania - Billund,82891,Chania,Q182299,35.516666666667,24.016666666667,Billund,Q1701099,55.730833333333,9.1152777777778,2516.586332257094
1855,Naples - Bucharest,82750,Naples,Q2634,40.833333333333,14.25,Bucharest,Q19660,44.4,26.083333333333,1045.1307491387893
1856,Dublin - Pisa,82602,Dublin,Q1761,53.3497222222222,-6.26027777777778,Pisa,Q13375,43.716666666667,10.4,1621.443672252219
1857,Mallorca - Rotterdam,82505,Mallorca,Q8828,39.616666666667,2.9833333333333,Rotterdam,Q34370,51.9225,4.47917,1373.1794895676796
1858,Naples - Nice,82330,Naples,Q2634,40.833333333333,14.25,Nice,Q33959,43.701944444444,7.2683333333333,656.7802143915649
1859,Manchester - Newquay,82308,Manchester,Q18125,53.466666666667,-2.2333333333333,Newquay,Q943517,50.412,-5.0757,391.5092247034562
1860,Paris - Genoa,82307,Paris,Q90,48.856944444444,2.3513888888889,Genoa,Q1449,44.407186111111,8.9339833333333,704.7991982292403
1861,Munich - Sarajevo,82272,Munich,Q1726,48.1375,11.575,Sarajevo,Q11194,43.8563333333333,18.4132222222222,710.5830384638227
1862,Vienna - St. Gallen,82248,Vienna,Q1741,48.20833,16.373064,St. Gallen,Q25607,47.423333333333,9.3772222222222,529.4224529015625
1863,Dublin - Bilbao,82199,Dublin,Q1761,53.3497222222222,-6.26027777777778,Bilbao,Q8692,43.262222222222,-2.9533333333333,1147.711057024223
1864,Stuttgart - Rhodes,82069,Stuttgart,Q1022,48.776111111111,9.1775,Rhodes,Q43048,36.166666666667,28,2074.977945030616
1865,Jersey - Southampton,82066,Jersey,Q785,49.19,-2.11,Southampton,Q79848,50.9066666666667,-1.40444444444444,197.41846912121918
1866,Birmingham - Heraklion,81975,Birmingham,Q2256,52.48,-1.9025,Heraklion,Q160544,35.3402777777778,25.1344444444444,2854.5219620944727
1867,Bordeaux - Porto,81974,Bordeaux,Q1479,44.837777777778,-0.57944444444444,Porto,Q36433,41.149472222222,-8.6107777777778,770.722034925906
1868,Alicante - Bruges,81815,Alicante,Q11959,38.345277777778,-0.48305555555556,Bruges,Q12994,51.2088888888889,3.22416666666667,1459.5013298392516
1869,Amsterdam - Tallinn,81793,Amsterdam,Q727,52.383333333333,4.9,Tallinn,Q1770,59.437222222222,24.745,1455.9833985299163
1870,Katowice - Barcelona,81711,Katowice,Q588,50.25,19,Barcelona,Q1492,41.3825,2.1769444444444,1628.3640062445222
1871,Tromsø - Hammerfest,81578,Tromsø,Q26087,69.666667,18.933333,Hammerfest,Q107351,70.663333,23.677778,210.45207127879598
1872,Katowice - Rhodes,81549,Katowice,Q588,50.25,19,Rhodes,Q43048,36.166666666667,28,1724.552657594531
1873,Warsaw - Zagreb,81430,Warsaw,Q270,52.216666666667,21.033333333333,Zagreb,Q1435,45.8130555555556,15.9772222222222,801.3906045400657
1874,Rennes - Nice,81144,Rennes,Q647,48.114166666667,-1.6808333333333,Nice,Q33959,43.701944444444,7.2683333333333,847.7218730655677
1875,Copenhagen - Rhodes,81017,Copenhagen,Q1748,55.676111111111,12.568888888889,Rhodes,Q43048,36.166666666667,28,2463.368742782722
1876,Paris - Mykonos,80961,Paris,Q90,48.856944444444,2.3513888888889,Mykonos,Q190210,37.45,25.333333333333,2240.676280774793
1877,Nottingham - Mahon,80950,Nottingham,Q41262,52.955,-1.1491666666667,Mahon,Q49550,39.889444444444,4.2641666666667,1509.8277018443723
1878,Warsaw - Edinburgh,80925,Warsaw,Q270,52.216666666667,21.033333333333,Edinburgh,Q23436,55.95,-3.1988888888889,1624.8987169694728
1879,Amsterdam - Split,80911,Amsterdam,Q727,52.383333333333,4.9,Split,Q1663,43.51,16.45,1305.8468531715403
1880,Málaga - Marseille,80868,Málaga,Q8851,36.716666666667,-4.4166666666667,Marseille,Q23482,43.296666666667,5.3763888888889,1108.1347198718763
1881,Ljubljana - Munich,80840,Ljubljana,Q437,46.05,14.516666666667,Munich,Q1726,48.1375,11.575,321.62040909407915
1882,Katowice - Doncaster,80819,Katowice,Q588,50.25,19,Doncaster,Q58900,53.5227777777778,-1.1325,1423.5184688241527
1883,Gran Canaria - Billund,80631,Gran Canaria,Q178925,27.958611111111,-15.5925,Billund,Q1701099,55.730833333333,9.1152777777778,3662.3713206756406
1884,Munich - Faro,80575,Munich,Q1726,48.1375,11.575,Faro,Q159457,37.0161111111111,-7.935,2010.368029743179
1885,Warsaw - Billund,80550,Warsaw,Q270,52.216666666667,21.033333333333,Billund,Q1701099,55.730833333333,9.1152777777778,870.3549581533356
1886,Malta - Dublin,80503,Malta,Q233,35.883333333333,14.5,Dublin,Q1761,53.3497222222222,-6.26027777777778,2524.9013794139973
1887,Birmingham - Zakynthos,80433,Birmingham,Q2256,52.48,-1.9025,Zakynthos,Q144880,37.8,20.75,2393.905859717178
1888,Oslo - Larnaca,80383,Oslo,Q585,59.911111111111,10.752777777778,Larnaca,Q171882,34.916666666667,33.633333333333,3232.755231417615
1889,Copenhagen - Luxembourg,80365,Copenhagen,Q1748,55.676111111111,12.568888888889,Luxembourg,Q1842,49.610555555556,6.1327777777778,801.4101047007996
1890,Hamburg - Athens,80336,Hamburg,Q1055,53.55,10,Athens,Q1524,37.9841666666667,23.7280555555556,2024.2910269858492
1891,Cayenne - Fort-de-France,80313,Cayenne,Q44401,4.9386111111111,-52.335,Fort-de-France,Q81621,14.6,-61.0666666666667,1437.7913311345737
1892,Amsterdam - Corfu,80312,Amsterdam,Q727,52.383333333333,4.9,Corfu,Q121378,39.623888888889,19.82,1820.3978930381024
1893,Genoa - Catania,80253,Genoa,Q1449,44.407186111111,8.9339833333333,Catania,Q1903,37.502669444444,15.087269444444,924.8188655786595
1894,Amsterdam - Genoa,80244,Amsterdam,Q727,52.383333333333,4.9,Genoa,Q1449,44.407186111111,8.9339833333333,935.2029027716443
1895,Düsseldorf - Kraków,80188,Düsseldorf,Q1718,51.231144444444,6.7723805555556,Kraków,Q31487,50.061388888889,19.937222222222,936.0171108597484
1896,Málaga - Oviedo,80186,Málaga,Q8851,36.716666666667,-4.4166666666667,Oviedo,Q14317,43.3625,-5.8502777777778,748.9592734189002
1897,Dortmund - Budapest,80168,Dortmund,Q1295,51.513888888889,7.4652777777778,Budapest,Q1781,47.498333333333,19.040833333333,946.1208890606968
1898,Seville - Bristol,80153,Seville,Q8717,37.383333333333,-5.9833333333333,Bristol,Q23154,51.45,-2.5833333333333,1586.8306236166222
1899,Lyon - Pau,80019,Lyon,Q456,45.758888888889,4.8413888888889,Pau,Q132671,43.300833333333,-0.37,495.1768813060982
1900,Dublin - Toulouse,79998,Dublin,Q1761,53.3497222222222,-6.26027777777778,Toulouse,Q7880,43.604444444444,1.4438888888889,1221.7720772586922
1901,Copenhagen - Birmingham,79920,Copenhagen,Q1748,55.676111111111,12.568888888889,Birmingham,Q2256,52.48,-1.9025,1006.4249826824206
1902,Düsseldorf - Madeira,79917,Düsseldorf,Q1718,51.231144444444,6.7723805555556,Madeira,Q26253,32.75,-17,2818.2697303985374
1903,Barcelona - Hanover,79849,Barcelona,Q1492,41.3825,2.1769444444444,Hanover,Q1715,52.374444444444,9.7386111111111,1348.8805252025277
1904,Bologna - Cluj-Napoca,79814,Bologna,Q1891,44.493888888889,11.342777777778,Cluj-Napoca,Q100188,46.78,23.559444444444,982.1067499929655
1905,Stavanger - Sandefjord,79758,Stavanger,Q25416,58.97,5.71,Sandefjord,Q109005,59.12881,10.21971,258.45329566917627
1906,Bilbao - Manchester,79659,Bilbao,Q8692,43.262222222222,-2.9533333333333,Manchester,Q18125,53.466666666667,-2.2333333333333,1135.9144598902697
1907,Ponta Delgada - Vila do Porto,79651,Ponta Delgada,Q208149,37.74,-25.67,Vila do Porto,Q1003164,36.945,-25.145,99.84237665300358
1908,Poznań - Dublin,79575,Poznań,Q268,52.4083333333333,16.9336111111111,Dublin,Q1761,53.3497222222222,-6.26027777777778,1553.0886571666208
1909,Zürich - Bremen,79532,Zürich,Q72,47.378611111111,8.54,Bremen,Q24879,53.076944444444,8.8088888888889,633.91412329477
1910,Paris - Wrocław,79532,Paris,Q90,48.856944444444,2.3513888888889,Wrocław,Q1799,51.11,17.0325,1077.1855631340973
1911,Rome - Mykonos,79418,Rome,Q220,41.893055555556,12.482777777778,Mykonos,Q190210,37.45,25.333333333333,1204.0973960558565
1912,Dublin - Gdańsk,79410,Dublin,Q1761,53.3497222222222,-6.26027777777778,Gdańsk,Q1792,54.366666666667,18.633333333333,1627.9291190583547
1913,Seville - Oviedo,79328,Seville,Q8717,37.383333333333,-5.9833333333333,Oviedo,Q14317,43.3625,-5.8502777777778,664.9493069448706
1914,Gdańsk - Doncaster,79279,Gdańsk,Q1792,54.366666666667,18.633333333333,Doncaster,Q58900,53.5227777777778,-1.1325,1292.7134808133446
1915,Cagliari - Madrid,79215,Cagliari,Q1897,39.216666666667,9.1166666666667,Madrid,Q2807,40.418888888889,-3.6919444444444,1101.0950919293243
1916,Stuttgart - Catania,79153,Stuttgart,Q1022,48.776111111111,9.1775,Catania,Q1903,37.502669444444,15.087269444444,1341.0896636588716
1917,Toulouse - Seville,79030,Toulouse,Q7880,43.604444444444,1.4438888888889,Seville,Q8717,37.383333333333,-5.9833333333333,933.5473977480036
1918,Helsinki - Kuusamo,78939,Helsinki,Q1757,60.17556,24.93417,Kuusamo,Q207999,65.966666666667,29.166666666667,677.9283010845296
1919,Milan - Fuerteventura,78909,Milan,Q490,45.466944444444,9.19,Fuerteventura,Q192534,28.4325,-14.003056,2780.1925583730035
1920,London - Memmingen,78861,London,Q84,51.507222222222,-0.1275,Memmingen,Q14825,47.987777777778,10.181111111111,836.650734688904
1921,Palermo - Madrid,78732,Palermo,Q2656,38.115658,13.361262,Madrid,Q2807,40.418888888889,-3.6919444444444,1487.7969347731143
1922,Barcelona - Cavtat,78720,Barcelona,Q1492,41.3825,2.1769444444444,Cavtat,Q221350,42.579444444444,18.220833333333,1330.8113537215927
1923,Milan - Riga,78668,Milan,Q490,45.466944444444,9.19,Riga,Q1773,56.9475,24.106944444444,1638.727477519554
1924,Lisbon - Gran Canaria,78611,Lisbon,Q597,38.708042,-9.139016,Gran Canaria,Q178925,27.958611111111,-15.5925,1336.2682356039109
1925,Málaga - Bournemouth,78599,Málaga,Q8851,36.716666666667,-4.4166666666667,Bournemouth,Q170478,50.72,-1.88,1570.1419149896215
1926,Alicante - Stavanger,78429,Alicante,Q11959,38.345277777778,-0.48305555555556,Stavanger,Q25416,58.97,5.71,2335.6695996747035
1927,Cologne - Madrid,78361,Cologne,Q365,50.942222222222,6.9577777777778,Madrid,Q2807,40.418888888889,-3.6919444444444,1429.943327132083
1928,Berlin - Gothenburg,78066,Berlin,Q64,52.516666666667,13.383333333333,Gothenburg,Q25287,57.671706102705,11.980966694056,580.0853838139609
1929,Bordeaux - Málaga,77741,Bordeaux,Q1479,44.837777777778,-0.57944444444444,Málaga,Q8851,36.716666666667,-4.4166666666667,958.7879119564899
1930,Lyon - Prague,77718,Lyon,Q456,45.758888888889,4.8413888888889,Prague,Q1085,50.083333333333,14.416666666667,859.3960740197167
1931,Dortmund - Cluj-Napoca,77708,Dortmund,Q1295,51.513888888889,7.4652777777778,Cluj-Napoca,Q100188,46.78,23.559444444444,1279.9777536495621
1932,Marseille - Saint-Denis,77679,Marseille,Q23482,43.296666666667,5.3763888888889,Saint-Denis,Q47045,-20.878888888889,55.448055555556,8776.350097370085
1933,Pisa - Bristol,77653,Pisa,Q13375,43.716666666667,10.4,Bristol,Q23154,51.45,-2.5833333333333,1295.7148491293801
1934,Vienna - Chișinău,77652,Vienna,Q1741,48.20833,16.373064,Chișinău,Q21197,47.0227777777778,28.8352777777778,942.3116161033215
1935,Athens - Milos,77590,Athens,Q1524,37.9841666666667,23.7280555555556,Milos,Q203979,36.733333333333,24.416666666667,151.81837897737728
1936,Copenhagen - Kristiansand,77527,Copenhagen,Q1748,55.676111111111,12.568888888889,Kristiansand,Q2415,58.14672222,7.99561111,390.4100993588567
1937,Katowice - Zakynthos,77499,Katowice,Q588,50.25,19,Zakynthos,Q144880,37.8,20.75,1391.325925720147
1938,Memmingen - Sibiu,77434,Memmingen,Q14825,47.987777777778,10.181111111111,Sibiu,Q83324,45.8,24.15,1087.3045273388675
1939,Hamburg - Gdańsk,77428,Hamburg,Q1055,53.55,10,Gdańsk,Q1792,54.366666666667,18.633333333333,571.7059716077308
1940,Lisbon - Florence,77307,Lisbon,Q597,38.708042,-9.139016,Florence,Q2044,43.771388888889,11.254166666667,1790.2187326664416
1941,Edinburgh - Derry,77094,Edinburgh,Q23436,55.95,-3.1988888888889,Derry,Q163584,54.991666666667,-7.3416666666667,281.96294745623703
1942,Bristol - Larnaca,77054,Bristol,Q23154,51.45,-2.5833333333333,Larnaca,Q171882,34.916666666667,33.633333333333,3412.834473770173
1943,Rennes - Marseille,77025,Rennes,Q647,48.114166666667,-1.6808333333333,Marseille,Q23482,43.296666666667,5.3763888888889,765.731584012397
1944,Toulouse - Marseille,76991,Toulouse,Q7880,43.604444444444,1.4438888888889,Marseille,Q23482,43.296666666667,5.3763888888889,319.2562609313377
1945,Paris - Chișinău,76915,Paris,Q90,48.856944444444,2.3513888888889,Chișinău,Q21197,47.0227777777778,28.8352777777778,1973.217811952652
1946,Basel - Niš,76828,Basel,Q78,47.560555555556,7.5905555555556,Niš,Q129259,43.319166666667,21.896111111111,1209.3623724561164
1947,"Seville - San Bartolomé, Las Palmas",76821,Seville,Q8717,37.383333333333,-5.9833333333333,"San Bartolomé, Las Palmas",Q962773,29.0016342148498,-13.6139314665816,1170.6888752051216
1948,"Liverpool - San Bartolomé, Las Palmas",76816,Liverpool,Q24826,53.4075,-2.99194444444444,"San Bartolomé, Las Palmas",Q962773,29.0016342148498,-13.6139314665816,2848.4371188225687
1949,Hamburg - Thessaloniki,76793,Hamburg,Q1055,53.55,10,Thessaloniki,Q17151,40.6402777777778,22.9355555555556,1731.8019397622359
1950,Palermo - Lampedusa,76781,Palermo,Q2656,38.115658,13.361262,Lampedusa,Q107338,35.516666666667,12.583333333333,297.17254198049056
1951,Berlin - Gran Canaria,76651,Berlin,Q64,52.516666666667,13.383333333333,Gran Canaria,Q178925,27.958611111111,-15.5925,3627.2618127983415
1952,Copenhagen - Palanga,76648,Copenhagen,Q1748,55.676111111111,12.568888888889,Palanga,Q2047414,55.916666666667,21.063888888889,531.3324955823014
1953,Paris - Southampton,76580,Paris,Q90,48.856944444444,2.3513888888889,Southampton,Q79848,50.9066666666667,-1.40444444444444,352.5764187688566
1954,Glasgow - Ibiza,76566,Glasgow,Q4093,55.8611111111111,-4.25,Ibiza,Q52631,38.98,1.43,1923.5334373123846
1955,Geneva - Faro,76553,Geneva,Q71,46.2,6.15,Faro,Q159457,37.0161111111111,-7.935,1549.5953053789697
1956,Paris - Exeter,76337,Paris,Q90,48.856944444444,2.3513888888889,Exeter,Q134672,50.721538888889,-3.5331083333333,470.3878823942694
1957,Cologne - Budapest,76301,Cologne,Q365,50.942222222222,6.9577777777778,Budapest,Q1781,47.498333333333,19.040833333333,956.0094150090913
1958,Leeds - Fuerteventura,76282,Leeds,Q39121,53.799722222222,-1.5491666666667,Fuerteventura,Q192534,28.4325,-14.003056,2997.3076483376854
1959,Prague - Naples,76213,Prague,Q1085,50.083333333333,14.416666666667,Naples,Q2634,40.833333333333,14.25,1028.6360945720353
1960,Bari - Kraków,76164,Bari,Q3519,41.125277777778,16.866666666667,Kraków,Q31487,50.061388888889,19.937222222222,1021.7333134559968
1961,Edinburgh - Gran Canaria,76125,Edinburgh,Q23436,55.95,-3.1988888888889,Gran Canaria,Q178925,27.958611111111,-15.5925,3265.5124458388036
1962,Glasgow - Stornoway,76024,Glasgow,Q4093,55.8611111111111,-4.25,Stornoway,Q165845,58.209,-6.387,291.30208179983043
1963,Mallorca - Porto,75847,Mallorca,Q8828,39.616666666667,2.9833333333333,Porto,Q36433,41.149472222222,-8.6107777777778,995.9234616822476
1964,Edinburgh - Paphos District,75836,Edinburgh,Q23436,55.95,-3.1988888888889,Paphos District,Q59133,34.77682,32.419736,3577.407669381379
1965,Vienna - Ibiza,75800,Vienna,Q1741,48.20833,16.373064,Ibiza,Q52631,38.98,1.43,1576.5680100501727
1966,Warsaw - Bristol,75774,Warsaw,Q270,52.216666666667,21.033333333333,Bristol,Q23154,51.45,-2.5833333333333,1617.8141271059367
1967,Riga - Palanga,75724,Riga,Q1773,56.9475,24.106944444444,Palanga,Q2047414,55.916666666667,21.063888888889,219.3854217806156
1968,Brussels - Cluj-Napoca,75721,Brussels,Q239,50.8466666666667,4.35166666666667,Cluj-Napoca,Q100188,46.78,23.559444444444,1472.418231508539
1969,Dublin - Chișinău,75691,Dublin,Q1761,53.3497222222222,-6.26027777777778,Chișinău,Q21197,47.0227777777778,28.8352777777778,2566.8954343426412
1970,Stuttgart - Athens,75671,Stuttgart,Q1022,48.776111111111,9.1775,Athens,Q1524,37.9841666666667,23.7280555555556,1674.602477759358
1971,Eindhoven - Tenerife,75581,Eindhoven,Q9832,51.434444444444,5.4841666666667,Tenerife,Q40846,28.268611111111,-16.605555555556,3165.722896833579
1972,Málaga - Bruges,75572,Málaga,Q8851,36.716666666667,-4.4166666666667,Bruges,Q12994,51.2088888888889,3.22416666666667,1721.3236818628427
1973,Brussels - Bari,75569,Brussels,Q239,50.8466666666667,4.35166666666667,Bari,Q3519,41.125277777778,16.866666666667,1446.4000911302987
1974,Catania - Florence,75566,Catania,Q1903,37.502669444444,15.087269444444,Florence,Q2044,43.771388888889,11.254166666667,768.2063408313902
1975,Katowice - Heraklion,75528,Katowice,Q588,50.25,19,Heraklion,Q160544,35.3402777777778,25.1344444444444,1730.3012708429874
1976,Geneva - Lille,75470,Geneva,Q71,46.2,6.15,Lille,Q648,50.631944444444,3.0575,542.9737832087411
1977,Budapest - Nottingham,75454,Budapest,Q1781,47.498333333333,19.040833333333,Nottingham,Q41262,52.955,-1.1491666666667,1552.437721872659
1978,Wrocław - Nottingham,75111,Wrocław,Q1799,51.11,17.0325,Nottingham,Q41262,52.955,-1.1491666666667,1257.0683907621526
1979,Stockholm - Trondheim,75016,Stockholm,Q1754,59.329444444444,18.068611111111,Trondheim,Q25804,63.44,10.4,612.1366646091915
1980,Skopje - Bratislava,75005,Skopje,Q384,41.983333333333,21.433333333333,Bratislava,Q1780,48.144722222222,17.112777777778,764.2363859955589
1981,Skopje - Zagreb,74735,Skopje,Q384,41.983333333333,21.433333333333,Zagreb,Q1435,45.8130555555556,15.9772222222222,610.0174470579198
1982,Wrocław - Sandefjord,74217,Wrocław,Q1799,51.11,17.0325,Sandefjord,Q109005,59.12881,10.21971,990.1380199471176
1983,Bodø - Stokmarknes,73755,Bodø,Q39383,67.28267,14.37513,Stokmarknes,Q288577,68.565555555556,14.905833333333,144.36302136886562
1984,Jersey - Liverpool,72939,Jersey,Q785,49.19,-2.11,Liverpool,Q24826,53.4075,-2.99194444444444,472.946819338341
1985,Guernsey - Southampton,72386,Guernsey,Q25230,49.45,-2.5833333333333,Southampton,Q79848,50.9066666666667,-1.40444444444444,182.43007099224445
1986,Paris - Iași,72223,Paris,Q90,48.856944444444,2.3513888888889,Iași,Q46852,47.162222222222,27.588888888889,1878.132524988101
1987,Paris - Cavtat,71767,Paris,Q90,48.856944444444,2.3513888888889,Cavtat,Q221350,42.579444444444,18.220833333333,1412.0324625701091
1988,Ponta Delgada - Lajes do Pico,71727,Ponta Delgada,Q208149,37.74,-25.67,Lajes do Pico,Q1019053,38.4,-28.25,237.46537563032143
1989,Nottingham - Connacht,70959,Nottingham,Q41262,52.955,-1.1491666666667,Connacht,Q164421,53.78,-9.05,531.8779193855461
1990,Prague - Corfu,69355,Prague,Q1085,50.083333333333,14.416666666667,Corfu,Q121378,39.623888888889,19.82,1237.7422028261476
1991,Basel - Split,68996,Basel,Q78,47.560555555556,7.5905555555556,Split,Q1663,43.51,16.45,823.2458352494637
1992,Dortmund - Sibiu,68085,Dortmund,Q1295,51.513888888889,7.4652777777778,Sibiu,Q83324,45.8,24.15,1376.0528904870666
1993,Athens - Zakynthos,67454,Athens,Q1524,37.9841666666667,23.7280555555556,Zakynthos,Q144880,37.8,20.75,262.119264596522
1994,Nottingham - Paphos District,67010,Nottingham,Q41262,52.955,-1.1491666666667,Paphos District,Q59133,34.77682,32.419736,3316.205135790445
1995,Berlin - Salzburg,66663,Berlin,Q64,52.516666666667,13.383333333333,Salzburg,Q34713,47.7972,13.04768,525.3244550429243
1996,Nottingham - Corfu,66574,Nottingham,Q41262,52.955,-1.1491666666667,Corfu,Q121378,39.623888888889,19.82,2174.3825632132584
1997,Gdańsk - Stavanger,66004,Gdańsk,Q1792,54.366666666667,18.633333333333,Stavanger,Q25416,58.97,5.71,938.6149296600249
1998,Zagreb - Sarajevo,65639,Zagreb,Q1435,45.8130555555556,15.9772222222222,Sarajevo,Q11194,43.8563333333333,18.4132222222222,290.20763967711684
1999,Dortmund - Tuzla Canton,65606,Dortmund,Q1295,51.513888888889,7.4652777777778,Tuzla Canton,Q18250,44.55,18.6,1131.352751177737
2000,Nottingham - Zakynthos,65159,Nottingham,Q41262,52.955,-1.1491666666667,Zakynthos,Q144880,37.8,20.75,2382.763032341141
2001,Basel - Olbia,65038,Basel,Q78,47.560555555556,7.5905555555556,Olbia,Q13630,40.916666666667,9.5,754.1990821881775
2002,Stockholm - Växjö,64901,Stockholm,Q1754,59.329444444444,18.068611111111,Växjö,Q26152,56.889029924861,14.802795326212,332.2461692807846
2003,Frankfurt - Pescara,64464,Frankfurt,Q1794,50.113611111111,8.6797222222222,Pescara,Q2704,42.464277777778,14.214188888889,950.3086168657657
2004,Prague - Zakynthos,64066,Prague,Q1085,50.083333333333,14.416666666667,Zakynthos,Q144880,37.8,20.75,1455.6109769858695
2005,Gdańsk - Haugesund,64017,Gdańsk,Q1792,54.366666666667,18.633333333333,Haugesund,Q109036,59.41015,5.27551,983.5402134155498
2006,Milan - Suceava,63547,Milan,Q490,45.466944444444,9.19,Suceava,Q46400,47.651388888889,26.255555555556,1324.3733567885672
2007,Milan - Trapani,62816,Milan,Q490,45.466944444444,9.19,Trapani,Q13664,38.0175,12.515,872.857561952709
2008,Belfast - Cardiff,62577,Belfast,Q10686,54.596388888889,-5.93,Cardiff,Q10690,51.48,-3.18,392.2122493507442
2009,Poznań - Sandefjord,61908,Poznań,Q268,52.4083333333333,16.9336111111111,Sandefjord,Q109005,59.12881,10.21971,856.2427000955262
2010,Prague - Kos,61269,Prague,Q1085,50.083333333333,14.416666666667,Kos,Q187027,36.815277777778,27.110277777778,1790.8753010477326
2011,Trondheim - Brønnøysund,61161,Trondheim,Q25804,63.44,10.4,Brønnøysund,Q995929,65.4749,12.21196,242.35106900345303
2012,Paris - Split,60807,Paris,Q90,48.856944444444,2.3513888888889,Split,Q1663,43.51,16.45,1234.84386609152
2013,Kristiansand - Trondheim,60791,Kristiansand,Q2415,58.14672222,7.99561111,Trondheim,Q25804,63.44,10.4,602.763220433037
2014,Girona - Rotterdam,60600,Girona,Q7038,41.983333333333,2.8166666666667,Rotterdam,Q34370,51.9225,4.47917,1112.2870267762235
2015,Region of Murcia - Manchester,60498,Region of Murcia,Q5772,38,-1.8333333333333,Manchester,Q18125,53.466666666667,-2.2333333333333,1720.090646122712
2016,Basel - Cagliari,59550,Basel,Q78,47.560555555556,7.5905555555556,Cagliari,Q1897,39.216666666667,9.1166666666667,935.9061863038561
2017,Trondheim - Ålesund,59505,Trondheim,Q25804,63.44,10.4,Ålesund,Q62266,62.4712388888889,6.15423888888889,240.1075225620017
2018,Paris - Béziers,59433,Paris,Q90,48.856944444444,2.3513888888889,Béziers,Q174019,43.343333333333,3.2161111111111,616.689327381744
2019,Basel - Ajaccio,58266,Basel,Q78,47.560555555556,7.5905555555556,Ajaccio,Q40104,41.925555555556,8.7363888888889,633.0650730737091
2020,Cayenne - Pointe-à-Pitre,58096,Cayenne,Q44401,4.9386111111111,-52.335,Pointe-à-Pitre,Q335322,16.241111111111,-61.533055555556,1608.2750499883891
2021,Skopje - Memmingen,57984,Skopje,Q384,41.983333333333,21.433333333333,Memmingen,Q14825,47.987777777778,10.181111111111,1106.7006115495965
2022,Karlsruhe - Girona,57629,Karlsruhe,Q1040,49.016666666667,8.4,Girona,Q7038,41.983333333333,2.8166666666667,894.3939908812488
2023,Turin - Bacău,57519,Turin,Q495,45.066666666667,7.7,Bacău,Q10737004,46.583333333333,26.916666666667,1494.7882865749436
2024,Frankfurt - Timiș County,57376,Frankfurt,Q1794,50.113611111111,8.6797222222222,Timiș County,Q185586,45.78,21.35,1057.717376730376
2025,Skopje - Frankfurt,56972,Skopje,Q384,41.983333333333,21.433333333333,Frankfurt,Q1794,50.113611111111,8.6797222222222,1333.083579762974
2026,Gdańsk - Leeds,56644,Gdańsk,Q1792,54.366666666667,18.633333333333,Leeds,Q39121,53.799722222222,-1.5491666666667,1313.4662180800378
2027,Basel - Brindisi,56552,Basel,Q78,47.560555555556,7.5905555555556,Brindisi,Q13496,40.638333333333,17.945833333333,1127.8947293518017
2028,Ljubljana - Podgorica,55560,Ljubljana,Q437,46.05,14.516666666667,Podgorica,Q23564,42.439722222222,19.266111111111,551.4202843150362
2029,Malmö - Tuzla Canton,55489,Malmö,Q2211,55.593188589918,13.021423031021,Tuzla Canton,Q18250,44.55,18.6,1289.843328968443
2030,Rzeszów - Nottingham,55322,Rzeszów,Q598,50.05,22,Nottingham,Q41262,52.955,-1.1491666666667,1627.0035524091063
2031,Katowice - Varna,54838,Katowice,Q588,50.25,19,Varna,Q6506,43.211375,27.91108,1034.7896036556947
2032,Katowice - Malmö,54810,Katowice,Q588,50.25,19,Malmö,Q2211,55.593188589918,13.021423031021,716.1161419834262
2033,Paphos District - Chania,54726,Paphos District,Q59133,34.77682,32.419736,Chania,Q182299,35.516666666667,24.016666666667,768.201578526589
2034,Stockholm - Halmstad,54621,Stockholm,Q1754,59.329444444444,18.068611111111,Halmstad,Q26521,56.65838790191,12.900364987591,425.20183391189
2035,Skopje - Dortmund,54422,Skopje,Q384,41.983333333333,21.433333333333,Dortmund,Q1295,51.513888888889,7.4652777777778,1497.0705203069006
2036,Poznań - Doncaster,53560,Poznań,Q268,52.4083333333333,16.9336111111111,Doncaster,Q58900,53.5227777777778,-1.1325,1212.952407095084
2037,Memmingen - Timiș County,53548,Memmingen,Q14825,47.987777777778,10.181111111111,Timiș County,Q185586,45.78,21.35,882.705465527824
2038,Genoa - Tirana,53385,Genoa,Q1449,44.407186111111,8.9339833333333,Tirana,Q19689,41.33,19.82,949.937392204651
2039,Basel - Dresden,53020,Basel,Q78,47.560555555556,7.5905555555556,Dresden,Q1731,51.05,13.74,590.6880131652194
2040,Basel - Cluj-Napoca,52490,Basel,Q78,47.560555555556,7.5905555555556,Cluj-Napoca,Q100188,46.78,23.559444444444,1208.105965766949
2041,Ljubljana - Tirana,52390,Ljubljana,Q437,46.05,14.516666666667,Tirana,Q19689,41.33,19.82,675.8960431528714
2042,Burgas - Brno,52234,Burgas,Q6509,42.502965,27.470179,Brno,Q14960,49.195277777778,16.608333333333,1121.186072551914
2043,Prague - Košice,52205,Prague,Q1085,50.083333333333,14.416666666667,Košice,Q25409,48.716666666667,21.25,517.0861844396001
2044,London - Palanga,51939,London,Q84,51.507222222222,-0.1275,Palanga,Q2047414,55.916666666667,21.063888888889,1471.268935568784
2045,Leipzig - Varna,51629,Leipzig,Q2079,51.333333333333,12.383333333333,Varna,Q6506,43.211375,27.91108,1474.1721580986589
2046,Frankfurt - Tralee,50889,Frankfurt,Q1794,50.113611111111,8.6797222222222,Tralee,Q213358,52.2675,-9.6962,1299.1089628378425
2047,Aberdeen - Mainland,50035,Aberdeen,Q36405,57.15,-2.1,Mainland,Q148749,58.983333333333,-3.1,212.16616781785532
2048,Trondheim - Mo i Rana,50003,Trondheim,Q25804,63.44,10.4,Mo i Rana,Q59169,66.316666666667,14.166666666667,365.8257115084381
2049,Dortmund - Tirana,49561,Dortmund,Q1295,51.513888888889,7.4652777777778,Tirana,Q19689,41.33,19.82,1472.115346306198
2050,Rome - Split,49004,Rome,Q220,41.893055555556,12.482777777778,Split,Q1663,43.51,16.45,370.64963313923533
2051,Basel - Ohrid,48962,Basel,Q78,47.560555555556,7.5905555555556,Ohrid,Q1223508,41.116944444444,20.801944444444,1269.0244525506146
2052,Rotterdam - Bergerac,48842,Rotterdam,Q34370,51.9225,4.47917,Bergerac,Q187911,44.851111111111,0.48194444444444,839.5531120865676
2053,Katowice - Corfu,48637,Katowice,Q588,50.25,19,Corfu,Q121378,39.623888888889,19.82,1183.3129349531039
2054,Brussels - Ljubljana,48628,Brussels,Q239,50.8466666666667,4.35166666666667,Ljubljana,Q437,46.05,14.516666666667,918.7779589925415
2055,Prague - Varna,48532,Prague,Q1085,50.083333333333,14.416666666667,Varna,Q6506,43.211375,27.91108,1279.3781071593626
2056,Paris - Girona,48229,Paris,Q90,48.856944444444,2.3513888888889,Girona,Q7038,41.983333333333,2.8166666666667,765.1698428808362
2057,Frankfurt - Girona,47941,Frankfurt,Q1794,50.113611111111,8.6797222222222,Girona,Q7038,41.983333333333,2.8166666666667,1010.1945560665137
2058,Katowice - Kos,47690,Katowice,Q588,50.25,19,Kos,Q187027,36.815277777778,27.110277777778,1628.342488035521
2059,Paris - Cagliari,47357,Paris,Q90,48.856944444444,2.3513888888889,Cagliari,Q1897,39.216666666667,9.1166666666667,1199.478916865145
2060,Leeds - Paphos District,47333,Leeds,Q39121,53.799722222222,-1.5491666666667,Paphos District,Q59133,34.77682,32.419736,3379.2551536209676
2061,Nuremberg - Sibiu,47321,Nuremberg,Q2090,49.4538888888889,11.0775,Sibiu,Q83324,45.8,24.15,1058.7897620701006
2062,Poznań - Corfu,46844,Poznań,Q268,52.4083333333333,16.9336111111111,Corfu,Q121378,39.623888888889,19.82,1438.629515405657
2063,Ancona - Tirana,46436,Ancona,Q3415,43.616666666667,13.516666666667,Tirana,Q19689,41.33,19.82,575.9077425987037
2064,Nottingham - Limoges,46423,Nottingham,Q41262,52.955,-1.1491666666667,Limoges,Q45656,45.834444444444,1.2616666666667,810.6418993295601
2065,Madeira - Ponta Delgada,46251,Madeira,Q26253,32.75,-17,Ponta Delgada,Q208149,37.74,-25.67,962.4998817153605
2066,Bodø - Mo i Rana,46184,Bodø,Q39383,67.28267,14.37513,Mo i Rana,Q59169,66.316666666667,14.166666666667,107.80214195530259
2067,Prague - Split,46078,Prague,Q1085,50.083333333333,14.416666666667,Split,Q1663,43.51,16.45,747.053189765294
2068,London - Jerez de la Frontera,46008,London,Q84,51.507222222222,-0.1275,Jerez de la Frontera,Q12303,36.7,-6.1166666666667,1713.0797995728565
2069,Katowice - Stockholm,45727,Katowice,Q588,50.25,19,Stockholm,Q1754,59.329444444444,18.068611111111,1011.3281557783203
2070,Innsbruck - Rotterdam,45688,Innsbruck,Q1735,47.268333333333,11.393333333333,Rotterdam,Q34370,51.9225,4.47917,717.8359605987874
2071,Skopje - Friedrichshafen,45682,Skopje,Q384,41.983333333333,21.433333333333,Friedrichshafen,Q4051,47.654166666667,9.4791666666667,1132.32998054465
2072,Dortmund - Pristina,45653,Dortmund,Q1295,51.513888888889,7.4652777777778,Pristina,Q25270,42.666666666667,21.166666666667,1425.285275314975
2073,Poznań - Burgas,45646,Poznań,Q268,52.4083333333333,16.9336111111111,Burgas,Q6509,42.502965,27.470179,1353.743895565438
2074,Aberdeen - Norwich,45578,Aberdeen,Q36405,57.15,-2.1,Norwich,Q130191,52.628056,1.299167,547.6344868804805
2075,Zaragoza - Cluj-Napoca,45374,Zaragoza,Q10305,41.65,-0.88333333333333,Cluj-Napoca,Q100188,46.78,23.559444444444,2020.4531697490236
2076,Girona - Bremen,45142,Girona,Q7038,41.983333333333,2.8166666666667,Bremen,Q24879,53.076944444444,8.8088888888889,1311.8905453283055
2077,Bratislava - Burgas,44992,Bratislava,Q1780,48.144722222222,17.112777777778,Burgas,Q6509,42.502965,27.470179,1022.8346803012911
2078,Verona - Brindisi,44902,Verona,Q2028,45.4386111111111,10.9927777777778,Brindisi,Q13496,40.638333333333,17.945833333333,776.7719648976763
2079,Basel - Santiago de Compostela,44808,Basel,Q78,47.560555555556,7.5905555555556,Santiago de Compostela,Q14314,42.883333333333,-8.5333333333333,1362.4890898306253
2080,Memmingen - Pristina,44696,Memmingen,Q14825,47.987777777778,10.181111111111,Pristina,Q25270,42.666666666667,21.166666666667,1041.3181326811593
2081,Basel - Belgrade,44602,Basel,Q78,47.560555555556,7.5905555555556,Belgrade,Q3711,44.816666666667,20.466666666667,1035.6588297162257
2082,Dortmund - Timiș County,44388,Dortmund,Q1295,51.513888888889,7.4652777777778,Timiș County,Q185586,45.78,21.35,1199.968803671075
2083,Praia da Vitória - Horta,44298,Praia da Vitória,Q73046,38.733333333333,-27.066666666667,Horta,Q990385,38.533333333333,-28.633333333333,137.88542334860665
2084,Paris - Debrecen,43936,Paris,Q90,48.856944444444,2.3513888888889,Debrecen,Q79880,47.53,21.639166666667,1433.3942485818447
2085,Praia da Vitória - Velas,43849,Praia da Vitória,Q73046,38.733333333333,-27.066666666667,Velas,Q1010468,38.681722222222,-28.207944444444,99.19520352834397
2086,Leipzig - Burgas,43774,Leipzig,Q2079,51.333333333333,12.383333333333,Burgas,Q6509,42.502965,27.470179,1503.839951952095
2087,London - Pula,43744,London,Q84,51.507222222222,-0.1275,Pula,Q4656,44.866666666667,13.833333333333,1267.9732337437774
2088,Warsaw - Nottingham,43487,Warsaw,Q270,52.216666666667,21.033333333333,Nottingham,Q41262,52.955,-1.1491666666667,1494.8911314608615
2089,Florence - Tirana,43431,Florence,Q2044,43.771388888889,11.254166666667,Tirana,Q19689,41.33,19.82,751.9018235424433
2090,Split - Rotterdam,43369,Split,Q1663,43.51,16.45,Rotterdam,Q34370,51.9225,4.47917,1291.818038381914
2091,Malmö - Cluj-Napoca,43285,Malmö,Q2211,55.593188589918,13.021423031021,Cluj-Napoca,Q100188,46.78,23.559444444444,1221.828536685735
2092,Paphos District - Bournemouth,43283,Paphos District,Q59133,34.77682,32.419736,Bournemouth,Q170478,50.72,-1.88,3270.5767299206573
2093,Rotterdam - Salzburg,43011,Rotterdam,Q34370,51.9225,4.47917,Salzburg,Q34713,47.7972,13.04768,765.7792364271439
2094,Szczecin - Sandefjord,42871,Szczecin,Q393,53.424722222222,14.555277777778,Sandefjord,Q109005,59.12881,10.21971,688.0763633818299
2095,Iași - Billund,42793,Iași,Q46852,47.162222222222,27.588888888889,Billund,Q1701099,55.730833333333,9.1152777777778,1587.6664582925314
2096,London - Rennes,42742,London,Q84,51.507222222222,-0.1275,Rennes,Q647,48.114166666667,-1.6808333333333,393.38630207245234
2097,Frankfurt - Santiago de Compostela,42738,Frankfurt,Q1794,50.113611111111,8.6797222222222,Santiago de Compostela,Q14314,42.883333333333,-8.5333333333333,1538.0020649936805
2098,Region of Murcia - Bristol,42550,Region of Murcia,Q5772,38,-1.8333333333333,Bristol,Q23154,51.45,-2.5833333333333,1496.7260760535514
2099,Katowice - Tirana,42488,Katowice,Q588,50.25,19,Tirana,Q19689,41.33,19.82,993.8787649524395
2100,Dortmund - Iași,42429,Dortmund,Q1295,51.513888888889,7.4652777777778,Iași,Q46852,47.162222222222,27.588888888889,1530.4388049393397
2101,Turin - Tirana,42193,Turin,Q495,45.066666666667,7.7,Tirana,Q19689,41.33,19.82,1065.3189340313265
2102,Trondheim - Narvik,42006,Trondheim,Q25804,63.44,10.4,Narvik,Q59101,68.43828,17.42777,639.7387619770496
2103,Girona - Bournemouth,41962,Girona,Q7038,41.983333333333,2.8166666666667,Bournemouth,Q170478,50.72,-1.88,1035.654353012161
2104,Frankfurt - Tuzla Canton,41872,Frankfurt,Q1794,50.113611111111,8.6797222222222,Tuzla Canton,Q18250,44.55,18.6,968.9740481124917
2105,London - Groningen,41706,London,Q84,51.507222222222,-0.1275,Groningen,Q749,53.2185277777778,6.567,492.5492131370974
2106,Venice - Iași,41608,Venice,Q641,45.439722222222,12.331944444444,Iași,Q46852,47.162222222222,27.588888888889,1185.6278727014844
2107,Longyearbyen - Tromsø,41418,Longyearbyen,Q25923,78.216666666667,15.633333333333,Tromsø,Q26087,69.666667,18.933333,955.7470924288208
2108,Turin - Olbia,41412,Turin,Q495,45.066666666667,7.7,Olbia,Q13630,40.916666666667,9.5,484.0905847350678
2109,Doncaster - Cluj-Napoca,41396,Doncaster,Q58900,53.5227777777778,-1.1325,Cluj-Napoca,Q100188,46.78,23.559444444444,1899.9987798084871
2110,Stavanger - Kaunas,41303,Stavanger,Q25416,58.97,5.71,Kaunas,Q4115712,54.9,23.933333333333,1189.8255046639867
2111,Basel - Montpellier,41070,Basel,Q78,47.560555555556,7.5905555555556,Montpellier,Q6441,43.610919444444,3.8772305555556,525.5756364471512
2112,Stockholm - Örnsköldsvik,40883,Stockholm,Q1754,59.329444444444,18.068611111111,Örnsköldsvik,Q28327,63.265490487805,18.676183350641,438.8648628926044
2113,Skopje - Ljubljana,40743,Skopje,Q384,41.983333333333,21.433333333333,Ljubljana,Q437,46.05,14.516666666667,713.9453511887251
2114,Memmingen - Tuzla Canton,40605,Memmingen,Q14825,47.987777777778,10.181111111111,Tuzla Canton,Q18250,44.55,18.6,750.9802023531569
2115,Venice - Nottingham,40602,Venice,Q641,45.439722222222,12.331944444444,Nottingham,Q41262,52.955,-1.1491666666667,1283.8993701044028
2116,Skopje - Nuremberg,40570,Skopje,Q384,41.983333333333,21.433333333333,Nuremberg,Q2090,49.4538888888889,11.0775,1153.993994605267
2117,Nottingham - Reus,40550,Nottingham,Q41262,52.955,-1.1491666666667,Reus,Q487096,41.15487,1.10871,1323.0431416316478
2118,Reykjavík - Egilsstaðir,40466,Reykjavík,Q1764,64.1475,-21.935,Egilsstaðir,Q14453,65.26666667,-14.4,378.70807182393656
2119,Memmingen - Podgorica,40415,Memmingen,Q14825,47.987777777778,10.181111111111,Podgorica,Q23564,42.439722222222,19.266111111111,940.6923909719839
2120,Bodø - Svolvær,40272,Bodø,Q39383,67.28267,14.37513,Svolvær,Q145948,68.233333333333,14.566666666667,106.01593004372936
2121,Kleve - Girona,40193,Kleve,Q6246,51.666666666667,6.25,Girona,Q7038,41.983333333333,2.8166666666667,1107.6434713974886
2122,Lille - Ajaccio,40108,Lille,Q648,50.631944444444,3.0575,Ajaccio,Q40104,41.925555555556,8.7363888888889,1061.158566748975
2123,Hamburg - Toulouse,39761,Hamburg,Q1055,53.55,10,Toulouse,Q7880,43.604444444444,1.4438888888889,1270.4210794194814
2124,Paris - Madeira,39692,Paris,Q90,48.856944444444,2.3513888888889,Madeira,Q26253,32.75,-17,2406.8831230949713
2125,Lille - Bastia,39572,Lille,Q648,50.631944444444,3.0575,Bastia,Q134698,42.7,9.4494444444444,1006.9874579811384
2126,Frankfurt - Cluj-Napoca,39570,Frankfurt,Q1794,50.113611111111,8.6797222222222,Cluj-Napoca,Q100188,46.78,23.559444444444,1156.051206732948
2127,Oviedo - Tenerife,39178,Oviedo,Q14317,43.3625,-5.8502777777778,Tenerife,Q40846,28.268611111111,-16.605555555556,1934.544039766406
2128,Vienna - Rhodes,39156,Vienna,Q1741,48.20833,16.373064,Rhodes,Q43048,36.166666666667,28,1642.362122343399
2129,London - La Rochelle,39122,London,Q84,51.507222222222,-0.1275,La Rochelle,Q82185,46.159444444444,-1.1513888888889,599.3337558279335
2130,Varna - Memmingen,39002,Varna,Q6506,43.211375,27.91108,Memmingen,Q14825,47.987777777778,10.181111111111,1473.9291995889223
2131,Valencia - Porto,38846,Valencia,Q8818,39.47,-0.376388888888889,Porto,Q36433,41.149472222222,-8.6107777777778,722.440178820844
2132,Lille - Montpellier,38431,Lille,Q648,50.631944444444,3.0575,Montpellier,Q6441,43.610919444444,3.8772305555556,783.1495954710462
2133,Gothenburg - Rhodes,38375,Gothenburg,Q25287,57.671706102705,11.980966694056,Rhodes,Q43048,36.166666666667,28,2667.48930020996
2134,London - Brindisi,38344,London,Q84,51.507222222222,-0.1275,Brindisi,Q13496,40.638333333333,17.945833333333,1836.1146600754403
2135,London - Saint-Malo,38274,London,Q84,51.507222222222,-0.1275,Saint-Malo,Q163108,48.647222222222,-2.0088888888889,345.1656713066135
2136,Frankfurt - Lamezia Terme,38213,Frankfurt,Q1794,50.113611111111,8.6797222222222,Lamezia Terme,Q53643,38.966666666667,16.3,1377.065393939513
2137,Stockholm - Faro,38178,Stockholm,Q1754,59.329444444444,18.068611111111,Faro,Q159457,37.0161111111111,-7.935,3100.66165943679
2138,Lyon - Mallorca,38148,Lyon,Q456,45.758888888889,4.8413888888889,Mallorca,Q8828,39.616666666667,2.9833333333333,699.6091921194906
2139,Bordeaux - Ajaccio,38132,Bordeaux,Q1479,44.837777777778,-0.57944444444444,Ajaccio,Q40104,41.925555555556,8.7363888888889,818.922752115406
2140,Ljubljana - Pristina,37807,Ljubljana,Q437,46.05,14.516666666667,Pristina,Q25270,42.666666666667,21.166666666667,648.5218533938885
2141,Malta - Bologna,37722,Malta,Q233,35.883333333333,14.5,Bologna,Q1891,44.493888888889,11.342777777778,994.0853225790393
2142,Thessaloniki - Mytilene,37604,Thessaloniki,Q17151,40.6402777777778,22.9355555555556,Mytilene,Q189059,39.103611111111,26.533055555556,351.3141787283634
2143,Split - Düsseldorf,37585,Split,Q1663,43.51,16.45,Düsseldorf,Q1718,51.231144444444,6.7723805555556,1124.2419941974706
2144,Lyon - Faro,37428,Lyon,Q456,45.758888888889,4.8413888888889,Faro,Q159457,37.0161111111111,-7.935,1439.3550346126656
2145,Amsterdam - Chania,37419,Amsterdam,Q727,52.383333333333,4.9,Chania,Q182299,35.516666666667,24.016666666667,2405.1236739731944
2146,Region of Murcia - Nottingham,37329,Region of Murcia,Q5772,38,-1.8333333333333,Nottingham,Q41262,52.955,-1.1491666666667,1663.7580935561343
2147,Athens - Lemnos,37203,Athens,Q1524,37.9841666666667,23.7280555555556,Lemnos,Q192483,39.916666666667,25.25,251.97513575403906
2148,Nuremberg - Heraklion,36941,Nuremberg,Q2090,49.4538888888889,11.0775,Heraklion,Q160544,35.3402777777778,25.1344444444444,1941.2900733785584
2149,Almería - Manchester,36930,Almería,Q10400,36.84,-2.4675,Manchester,Q18125,53.466666666667,-2.2333333333333,1848.8924735594012
2150,Ljubljana - Belgrade,36926,Ljubljana,Q437,46.05,14.516666666667,Belgrade,Q3711,44.816666666667,20.466666666667,483.9722491715664
2151,Rzeszów - Munich,36884,Rzeszów,Q598,50.05,22,Munich,Q1726,48.1375,11.575,787.557299392115
2152,Düsseldorf - Olbia,36880,Düsseldorf,Q1718,51.231144444444,6.7723805555556,Olbia,Q13630,40.916666666667,9.5,1165.8402714646425
2153,Cologne - Split,36724,Cologne,Q365,50.942222222222,6.9577777777778,Split,Q1663,43.51,16.45,1092.1934834048293
2154,Bodø - Narvik,36571,Bodø,Q39383,67.28267,14.37513,Narvik,Q59101,68.43828,17.42777,181.2784647464597
2155,Frankfurt - Jerez de la Frontera,36544,Frankfurt,Q1794,50.113611111111,8.6797222222222,Jerez de la Frontera,Q12303,36.7,-6.1166666666667,1904.073093039329
2156,Zürich - Catania,36533,Zürich,Q72,47.378611111111,8.54,Catania,Q1903,37.502669444444,15.087269444444,1221.4523457594585
2157,Malta - Venice,36513,Malta,Q233,35.883333333333,14.5,Venice,Q641,45.439722222222,12.331944444444,1078.1283553884882
2158,Zagreb - Copenhagen,36397,Zagreb,Q1435,45.8130555555556,15.9772222222222,Copenhagen,Q1748,55.676111111111,12.568888888889,1122.2845512199617
2159,Liverpool - Cork,36209,Liverpool,Q24826,53.4075,-2.99194444444444,Cork,Q36647,51.9,-8.4730555555556,405.80854929301984
2160,Rome - Cavtat,36155,Rome,Q220,41.893055555556,12.482777777778,Cavtat,Q221350,42.579444444444,18.220833333333,478.4225456972218
2161,Malmö - Belgrade,36141,Malmö,Q2211,55.593188589918,13.021423031021,Belgrade,Q3711,44.816666666667,20.466666666667,1308.4471203782468
2162,Cologne - Skopje,36061,Cologne,Q365,50.942222222222,6.9577777777778,Skopje,Q384,41.983333333333,21.433333333333,1485.7360326913483
2163,Berlin - Saarbrücken,36059,Berlin,Q64,52.516666666667,13.383333333333,Saarbrücken,Q1724,49.233333333333,7,577.4676167684037
2164,Sofia - Bratislava,36050,Sofia,Q472,42.697886,23.321726,Bratislava,Q1780,48.144722222222,17.112777777778,775.1194024315115
2165,Warsaw - Bologna,36046,Warsaw,Q270,52.216666666667,21.033333333333,Bologna,Q1891,44.493888888889,11.342777777778,1116.1219353569516
2166,Girona - Bristol,35829,Girona,Q7038,41.983333333333,2.8166666666667,Bristol,Q23154,51.45,-2.5833333333333,1129.5055807231158
2167,Rome - Santander,35819,Rome,Q220,41.893055555556,12.482777777778,Santander,Q12233,43.466666666667,-3.8,1340.2979429199231
2168,Barcelona - Nottingham,35765,Barcelona,Q1492,41.3825,2.1769444444444,Nottingham,Q41262,52.955,-1.1491666666667,1310.7674397846138
2169,Budapest - Malmö,35744,Budapest,Q1781,47.498333333333,19.040833333333,Malmö,Q2211,55.593188589918,13.021423031021,990.8071670581699
2170,Munich - Corfu,35738,Munich,Q1726,48.1375,11.575,Corfu,Q121378,39.623888888889,19.82,1153.026052846668
2171,Brussels - Tallinn,35700,Brussels,Q239,50.8466666666667,4.35166666666667,Tallinn,Q1770,59.437222222222,24.745,1599.287675130087
2172,Copenhagen - Sandefjord,35693,Copenhagen,Q1748,55.676111111111,12.568888888889,Sandefjord,Q109005,59.12881,10.21971,408.8387208387258
2173,Lublin - Sandefjord,35678,Lublin,Q37333,51.233333333333,22.566666666667,Sandefjord,Q109005,59.12881,10.21971,1173.3266448324418
2174,Tromsø - Kirkenes,35595,Tromsø,Q26087,69.666667,18.933333,Kirkenes,Q209423,69.72708,30.04511,428.1895433667514
2175,Brussels - Santander,35588,Brussels,Q239,50.8466666666667,4.35166666666667,Santander,Q12233,43.466666666667,-3.8,1024.9973364556172
2176,Frankfurt - Comiso,35549,Frankfurt,Q1794,50.113611111111,8.6797222222222,Comiso,Q34072,36.95,14.6,1538.3310819374738
2177,Stockholm - Kleve,35534,Stockholm,Q1754,59.329444444444,18.068611111111,Kleve,Q6246,51.666666666667,6.25,1128.1514945130014
2178,Edinburgh - Nottingham,35499,Edinburgh,Q23436,55.95,-3.1988888888889,Nottingham,Q41262,52.955,-1.1491666666667,358.382367044514
2179,Dortmund - Belgrade,35488,Dortmund,Q1295,51.513888888889,7.4652777777778,Belgrade,Q3711,44.816666666667,20.466666666667,1215.3677796063575
2180,Pisa - Alghero,35409,Pisa,Q13375,43.716666666667,10.4,Alghero,Q166282,40.56,8.315,390.81102455241296
2181,Paris - Cardiff,35389,Paris,Q90,48.856944444444,2.3513888888889,Cardiff,Q10690,51.48,-3.18,489.9669336312253
2182,Geneva - Olbia,35204,Geneva,Q71,46.2,6.15,Olbia,Q13630,40.916666666667,9.5,646.3756100113428
2183,Nottingham - Rhodes,35169,Nottingham,Q41262,52.955,-1.1491666666667,Rhodes,Q43048,36.166666666667,28,2934.517595600841
2184,Belfast - Exeter,35164,Belfast,Q10686,54.596388888889,-5.93,Exeter,Q134672,50.721538888889,-3.5331083333333,460.1247265412552
2185,Kleve - Mallorca,35151,Kleve,Q6246,51.666666666667,6.25,Mallorca,Q8828,39.616666666667,2.9833333333333,1363.390036116677
2186,Saint Martin - Fort-de-France,35141,Saint Martin,Q25596,18.066666666667,-63.05,Fort-de-France,Q81621,14.6,-61.0666666666667,439.73228072743956
2187,Stockholm - Billund,35068,Stockholm,Q1754,59.329444444444,18.068611111111,Billund,Q1701099,55.730833333333,9.1152777777778,666.7682331208008
2188,Málaga - Aalborg,35067,Málaga,Q8851,36.716666666667,-4.4166666666667,Aalborg,Q25410,57.05,9.9166666666667,2497.963864396699
2189,Tromsø - Vadsø,34995,Tromsø,Q26087,69.666667,18.933333,Vadsø,Q104379,70.073333333333,29.749722222222,415.8248914933411
2190,Alicante - Bournemouth,34974,Alicante,Q11959,38.345277777778,-0.48305555555556,Bournemouth,Q170478,50.72,-1.88,1380.3888823506682
2191,Stockholm - Banja Luka,34952,Stockholm,Q1754,59.329444444444,18.068611111111,Banja Luka,Q131127,44.766666666667,17.183333333333,1620.4045305300112
2192,Amsterdam - Girona,34869,Amsterdam,Q727,52.383333333333,4.9,Girona,Q7038,41.983333333333,2.8166666666667,1166.9659216138234
2193,Dortmund - Kraków,34786,Dortmund,Q1295,51.513888888889,7.4652777777778,Kraków,Q31487,50.061388888889,19.937222222222,890.3439283025231
2194,Vienna - Košice,34686,Vienna,Q1741,48.20833,16.373064,Košice,Q25409,48.716666666667,21.25,363.94856527221094
2195,Poznań - Zakynthos,34502,Poznań,Q268,52.4083333333333,16.9336111111111,Zakynthos,Q144880,37.8,20.75,1651.160079951554
2196,Málaga - Sandefjord,34330,Málaga,Q8851,36.716666666667,-4.4166666666667,Sandefjord,Q109005,59.12881,10.21971,2706.4570767811238
2197,Berlin - Karlsruhe,34314,Berlin,Q64,52.516666666667,13.383333333333,Karlsruhe,Q1040,49.016666666667,8.4,523.4853032068554
2198,Milan - Bratislava,34282,Milan,Q490,45.466944444444,9.19,Bratislava,Q1780,48.144722222222,17.112777777778,672.0650510342717
2199,Warsaw - Doncaster,34236,Warsaw,Q270,52.216666666667,21.033333333333,Doncaster,Q58900,53.5227777777778,-1.1325,1488.7623079244477
2200,Alicante - Doncaster,34117,Alicante,Q11959,38.345277777778,-0.48305555555556,Doncaster,Q58900,53.5227777777778,-1.1325,1688.3923721839556
2201,Manchester - Chania,34068,Manchester,Q18125,53.466666666667,-2.2333333333333,Chania,Q182299,35.516666666667,24.016666666667,2853.5965603168142
2202,Stuttgart - Zagreb,34037,Stuttgart,Q1022,48.776111111111,9.1775,Zagreb,Q1435,45.8130555555556,15.9772222222222,609.1746238044788
2203,Split - Vienna,34005,Split,Q1663,43.51,16.45,Vienna,Q1741,48.20833,16.373064,522.4651707631402
2204,Milan - Katowice,33983,Milan,Q490,45.466944444444,9.19,Katowice,Q588,50.25,19,903.5370154675868
2205,Málaga - Limerick,33942,Málaga,Q8851,36.716666666667,-4.4166666666667,Limerick,Q133315,52.6653,-8.6238,1803.5346862161684
2206,Split - Gothenburg,33833,Split,Q1663,43.51,16.45,Gothenburg,Q25287,57.671706102705,11.980966694056,1605.1315015387108
2207,Rome - Trapani,33782,Rome,Q220,41.893055555556,12.482777777778,Trapani,Q13664,38.0175,12.515,430.9515336990589
2208,Leipzig - Gran Canaria,33731,Leipzig,Q2079,51.333333333333,12.383333333333,Gran Canaria,Q178925,27.958611111111,-15.5925,3492.861291277911
2209,Paris - Bremen,33641,Paris,Q90,48.856944444444,2.3513888888889,Bremen,Q24879,53.076944444444,8.8088888888889,651.1755599467929
2210,Stockholm - Podgorica,33582,Stockholm,Q1754,59.329444444444,18.068611111111,Podgorica,Q23564,42.439722222222,19.266111111111,1879.8564737705703
2211,Memmingen - Chișinău,33577,Memmingen,Q14825,47.987777777778,10.181111111111,Chișinău,Q21197,47.0227777777778,28.8352777777778,1401.8618580853124
2212,Catania - Ancona,33571,Catania,Q1903,37.502669444444,15.087269444444,Ancona,Q3415,43.616666666667,13.516666666667,692.6339697259733
2213,Frankfurt - Sibiu,33368,Frankfurt,Q1794,50.113611111111,8.6797222222222,Sibiu,Q83324,45.8,24.15,1244.9142841966147
2214,Naples - Olbia,33351,Naples,Q2634,40.833333333333,14.25,Olbia,Q13630,40.916666666667,9.5,399.43345313030636
2215,Warsaw - Malmö,33247,Warsaw,Q270,52.216666666667,21.033333333333,Malmö,Q2211,55.593188589918,13.021423031021,644.6733545316216
2216,Bristol - Mahon,33242,Bristol,Q23154,51.45,-2.5833333333333,Mahon,Q49550,39.889444444444,4.2641666666667,1389.7426068073812
2217,Amsterdam - Vathy,33159,Amsterdam,Q727,52.383333333333,4.9,Vathy,Q853527,37.7475,26.9825,2360.449058317584
2218,Berlin - Olbia,33154,Berlin,Q64,52.516666666667,13.383333333333,Olbia,Q13630,40.916666666667,9.5,1322.8981035687432
2219,Cologne - Zagreb,33150,Cologne,Q365,50.942222222222,6.9577777777778,Zagreb,Q1435,45.8130555555556,15.9772222222222,875.8508150494275
2220,Friedrichshafen - Tuzla Canton,33134,Friedrichshafen,Q4051,47.654166666667,9.4791666666667,Tuzla Canton,Q18250,44.55,18.6,782.6865956604947
2221,Doncaster - Debrecen,33078,Doncaster,Q58900,53.5227777777778,-1.1325,Debrecen,Q79880,47.53,21.639166666667,1732.6432483874478
2222,Belfast - Inverness,33044,Belfast,Q10686,54.596388888889,-5.93,Inverness,Q160493,57.483888888889,-4.2258333333333,338.0476022996259
2223,Glasgow - Reus,33003,Glasgow,Q4093,55.8611111111111,-4.25,Reus,Q487096,41.15487,1.10871,1680.983258473521
2224,Athens - Kavala,32965,Athens,Q1524,37.9841666666667,23.7280555555556,Kavala,Q187352,40.93959,24.40687,333.75201430281766
2225,Warsaw - Limerick,32965,Warsaw,Q270,52.216666666667,21.033333333333,Limerick,Q133315,52.6653,-8.6238,1996.6024917808343
2226,London - Nîmes,32892,London,Q84,51.507222222222,-0.1275,Nîmes,Q42807,43.836944444444,4.36,916.2545343886235
2227,Birmingham - Reus,32885,Birmingham,Q2256,52.48,-1.9025,Reus,Q487096,41.15487,1.10871,1279.6775554239928
2228,Brussels - Pescara,32852,Brussels,Q239,50.8466666666667,4.35166666666667,Pescara,Q2704,42.464277777778,14.214188888889,1195.9183742265436
2229,Birmingham - Girona,32785,Birmingham,Q2256,52.48,-1.9025,Girona,Q7038,41.983333333333,2.8166666666667,1219.6834461004885
2230,Southampton - Bergerac,32648,Southampton,Q79848,50.9066666666667,-1.40444444444444,Bergerac,Q187911,44.851111111111,0.48194444444444,687.8245716246612
2231,Katowice - Athens,32639,Katowice,Q588,50.25,19,Athens,Q1524,37.9841666666667,23.7280555555556,1414.41110610789
2232,Paris - Santorini,32624,Paris,Q90,48.856944444444,2.3513888888889,Santorini,Q129296,36.416666666667,25.433333333333,2325.2133205122263
2233,Trondheim - Gran Canaria,32614,Trondheim,Q25804,63.44,10.4,Gran Canaria,Q178925,27.958611111111,-15.5925,4364.780062937761
2234,Zürich - Brindisi,32585,Zürich,Q72,47.378611111111,8.54,Brindisi,Q13496,40.638333333333,17.945833333333,1060.4221554194512
2235,Ponta Delgada - Velas,32578,Ponta Delgada,Q208149,37.74,-25.67,Velas,Q1010468,38.681722222222,-28.207944444444,245.2103951882148
2236,Amsterdam - Preveza,32544,Amsterdam,Q727,52.383333333333,4.9,Preveza,Q213898,38.95,20.75,1927.2597760045019
2237,Ålesund - Kaunas,32524,Ålesund,Q62266,62.4712388888889,6.15423888888889,Kaunas,Q4115712,54.9,23.933333333333,1320.7424885428384
2238,Memmingen - Banja Luka,32521,Memmingen,Q14825,47.987777777778,10.181111111111,Banja Luka,Q131127,44.766666666667,17.183333333333,645.2318113689105
2239,Pisa - Comiso,32469,Pisa,Q13375,43.716666666667,10.4,Comiso,Q34072,36.95,14.6,832.097167293617
2240,Cologne - Klagenfurt,32462,Cologne,Q365,50.942222222222,6.9577777777778,Klagenfurt,Q41753,46.616666666667,14.3,721.0224070631217
2241,London - Béziers,32382,London,Q84,51.507222222222,-0.1275,Béziers,Q174019,43.343333333333,3.2161111111111,941.7248090257685
2242,Praia da Vitória - Lajes do Pico,32372,Praia da Vitória,Q73046,38.733333333333,-27.066666666667,Lajes do Pico,Q1019053,38.4,-28.25,109.35291531874172
2243,Skopje - Stockholm,32340,Skopje,Q384,41.983333333333,21.433333333333,Stockholm,Q1754,59.329444444444,18.068611111111,1942.721619214877
2244,Cagliari - Catania,32305,Cagliari,Q1897,39.216666666667,9.1166666666667,Catania,Q1903,37.502669444444,15.087269444444,554.2386944715488
2245,Hanover - Kos,32300,Hanover,Q1715,52.374444444444,9.7386111111111,Kos,Q187027,36.815277777778,27.110277777778,2198.2658661875685
2246,Leipzig - Fuerteventura,32258,Leipzig,Q2079,51.333333333333,12.383333333333,Fuerteventura,Q192534,28.4325,-14.003056,3362.341110965495
2247,London - Chambéry,32252,London,Q84,51.507222222222,-0.1275,Chambéry,Q165090,45.566388888889,5.9208333333333,796.0685695374003
2248,Berlin - Tallinn,32228,Berlin,Q64,52.516666666667,13.383333333333,Tallinn,Q1770,59.437222222222,24.745,1042.1776663790524
2249,Glasgow - Nottingham,32192,Glasgow,Q4093,55.8611111111111,-4.25,Nottingham,Q41262,52.955,-1.1491666666667,380.29948276398363
2250,Brussels - Almería,32111,Brussels,Q239,50.8466666666667,4.35166666666667,Almería,Q10400,36.84,-2.4675,1648.9391666515774
2251,Riga - Sandefjord,31946,Riga,Q1773,56.9475,24.106944444444,Sandefjord,Q109005,59.12881,10.21971,850.8575435699394
2252,Düsseldorf - Varna,31932,Düsseldorf,Q1718,51.231144444444,6.7723805555556,Varna,Q6506,43.211375,27.91108,1819.1661547138476
2253,Belfast - Reus,31923,Belfast,Q10686,54.596388888889,-5.93,Reus,Q487096,41.15487,1.10871,1582.2145401227936
2254,Skopje - Sandefjord,31904,Skopje,Q384,41.983333333333,21.433333333333,Sandefjord,Q109005,59.12881,10.21971,2058.031493113731
2255,Strasbourg - Bastia,31871,Strasbourg,Q6602,48.573333333333,7.7522222222222,Bastia,Q134698,42.7,9.4494444444444,666.2355699170969
2256,Rome - Luxembourg,31832,Rome,Q220,41.893055555556,12.482777777778,Luxembourg,Q1842,49.610555555556,6.1327777777778,988.6867087008741
2257,Strasbourg - Ajaccio,31816,Strasbourg,Q6602,48.573333333333,7.7522222222222,Ajaccio,Q40104,41.925555555556,8.7363888888889,743.1862824853645
2258,Manchester - Sandefjord,31809,Manchester,Q18125,53.466666666667,-2.2333333333333,Sandefjord,Q109005,59.12881,10.21971,990.6726222116688
2259,Genoa - Palermo,31801,Genoa,Q1449,44.407186111111,8.9339833333333,Palermo,Q2656,38.115658,13.361262,791.1264271458197
2260,Ajaccio - Caen,31783,Ajaccio,Q40104,41.925555555556,8.7363888888889,Caen,Q41185,49.182222222222,-0.37055555555556,1072.6609808407934
2261,Cologne - Leipzig,31703,Cologne,Q365,50.942222222222,6.9577777777778,Leipzig,Q2079,51.333333333333,12.383333333333,380.9381704210986
2262,Berlin - Kos,31693,Berlin,Q64,52.516666666667,13.383333333333,Kos,Q187027,36.815277777778,27.110277777778,2048.1205970332962
2263,Malta - Nottingham,31691,Malta,Q233,35.883333333333,14.5,Nottingham,Q41262,52.955,-1.1491666666667,2258.0686154245327
2264,Milan - Zaragoza,31685,Milan,Q490,45.466944444444,9.19,Zaragoza,Q10305,41.65,-0.88333333333333,915.0387813431483
2265,London - Trieste,31647,London,Q84,51.507222222222,-0.1275,Trieste,Q546,45.6502777777778,13.7702777777778,1209.1891777403666
2266,Poznań - Varna,31640,Poznań,Q268,52.4083333333333,16.9336111111111,Varna,Q6506,43.211375,27.91108,1307.6722232570519
2267,Brussels - Iași,31637,Brussels,Q239,50.8466666666667,4.35166666666667,Iași,Q46852,47.162222222222,27.588888888889,1735.9431300583906
2268,Manchester - Santorini,31608,Manchester,Q18125,53.466666666667,-2.2333333333333,Santorini,Q129296,36.416666666667,25.433333333333,2854.769211537416
2269,Munich - Madeira,31505,Munich,Q1726,48.1375,11.575,Madeira,Q26253,32.75,-17,2934.4751282812613
2270,Lille - Porto-Vecchio,31320,Lille,Q648,50.631944444444,3.0575,Porto-Vecchio,Q241567,41.590833333333,9.2797222222222,1112.9255927680379
2271,Barcelona - Cagliari,31245,Barcelona,Q1492,41.3825,2.1769444444444,Cagliari,Q1897,39.216666666667,9.1166666666667,635.6533938713189
2272,Brussels - Bratislava,31142,Brussels,Q239,50.8466666666667,4.35166666666667,Bratislava,Q1780,48.144722222222,17.112777777778,967.9009206295359
2273,Bristol - Zakynthos,31123,Bristol,Q23154,51.45,-2.5833333333333,Zakynthos,Q144880,37.8,20.75,2372.1015424801644
2274,Barcelona - Glasgow,31031,Barcelona,Q1492,41.3825,2.1769444444444,Glasgow,Q4093,55.8611111111111,-4.25,1676.0570681834156
2275,Cologne - Katowice,31018,Cologne,Q365,50.942222222222,6.9577777777778,Katowice,Q588,50.25,19,852.5156314986064
2276,Mallorca - Memmingen,31016,Mallorca,Q8828,39.616666666667,2.9833333333333,Memmingen,Q14825,47.987777777778,10.181111111111,1094.379722386938
2277,Verona - Birmingham,31008,Verona,Q2028,45.4386111111111,10.9927777777778,Birmingham,Q2256,52.48,-1.9025,1221.3806042689375
2278,Amsterdam - Exeter,30981,Amsterdam,Q727,52.383333333333,4.9,Exeter,Q134672,50.721538888889,-3.5331083333333,611.2323228298313
2279,Geneva - Split,30948,Geneva,Q71,46.2,6.15,Split,Q1663,43.51,16.45,864.4602762535275
2280,Manchester - Billund,30920,Manchester,Q18125,53.466666666667,-2.2333333333333,Billund,Q1701099,55.730833333333,9.1152777777778,772.0988579862478
2281,Rome - Iași,30816,Rome,Q220,41.893055555556,12.482777777778,Iași,Q46852,47.162222222222,27.588888888889,1330.1297344517332
2282,Bratislava - Birmingham,30749,Bratislava,Q1780,48.144722222222,17.112777777778,Birmingham,Q2256,52.48,-1.9025,1428.6396234631281
2283,Alicante - Cork,30721,Alicante,Q11959,38.345277777778,-0.48305555555556,Cork,Q36647,51.9,-8.4730555555556,1630.019726190146
2284,Limerick - Kaunas,30701,Limerick,Q133315,52.6653,-8.6238,Kaunas,Q4115712,54.9,23.933333333333,2133.7241119261057
2285,Bodø - Brønnøysund,30672,Bodø,Q39383,67.28267,14.37513,Brønnøysund,Q995929,65.4749,12.21196,222.89515327429825
2286,Valencia - Mahon,30615,Valencia,Q8818,39.47,-0.376388888888889,Mahon,Q49550,39.889444444444,4.2641666666667,399.8149411717736
2287,Berlin - Skopje,30597,Berlin,Q64,52.516666666667,13.383333333333,Skopje,Q384,41.983333333333,21.433333333333,1317.5730856391592
2288,Basel - Debrecen,30596,Basel,Q78,47.560555555556,7.5905555555556,Debrecen,Q79880,47.53,21.639166666667,1053.0179750413129
2289,London - Skopje,30592,London,Q84,51.507222222222,-0.1275,Skopje,Q384,41.983333333333,21.433333333333,1943.24250993091
2290,Cologne - Salzburg,30570,Cologne,Q365,50.942222222222,6.9577777777778,Salzburg,Q34713,47.7972,13.04768,562.4817292084244
2291,Bristol - Corfu,30496,Bristol,Q23154,51.45,-2.5833333333333,Corfu,Q121378,39.623888888889,19.82,2170.158151053702
2292,Turin - Bucharest,30472,Turin,Q495,45.066666666667,7.7,Bucharest,Q19660,44.4,26.083333333333,1450.8976468824837
2293,Prague - Preveza,30354,Prague,Q1085,50.083333333333,14.416666666667,Preveza,Q213898,38.95,20.75,1334.7299410947314
2294,Frankfurt - Olbia,30338,Frankfurt,Q1794,50.113611111111,8.6797222222222,Olbia,Q13630,40.916666666667,9.5,1024.6327948329952
2295,Bratislava - Alghero,30321,Bratislava,Q1780,48.144722222222,17.112777777778,Alghero,Q166282,40.56,8.315,1094.2497355436112
2296,Dublin - Tralee,30317,Dublin,Q1761,53.3497222222222,-6.26027777777778,Tralee,Q213358,52.2675,-9.6962,260.3790719143008
2297,London - Kalamata,30165,London,Q84,51.507222222222,-0.1275,Kalamata,Q167895,37.0377777777778,22.1111111111111,2374.8841392564764
2298,Pula - Rotterdam,30155,Pula,Q4656,44.866666666667,13.833333333333,Rotterdam,Q34370,51.9225,4.47917,1043.580486937053
2299,Gothenburg - Chania,30126,Gothenburg,Q25287,57.671706102705,11.980966694056,Chania,Q182299,35.516666666667,24.016666666667,2620.4491851710163
2300,Rimini - Tirana,30113,Rimini,Q13369,44.059444444444,12.568333333333,Tirana,Q19689,41.33,19.82,665.5023395186971
2301,Skopje - Karlsruhe,30112,Skopje,Q384,41.983333333333,21.433333333333,Karlsruhe,Q1040,49.016666666667,8.4,1279.0116594438339
2302,Stuttgart - Leipzig,30105,Stuttgart,Q1022,48.776111111111,9.1775,Leipzig,Q2079,51.333333333333,12.383333333333,364.94563510889685
2303,Berlin - Paphos District,30046,Berlin,Q64,52.516666666667,13.383333333333,Paphos District,Q59133,34.77682,32.419736,2481.2471866516566
2304,London - Lamezia Terme,30037,London,Q84,51.507222222222,-0.1275,Lamezia Terme,Q53643,38.966666666667,16.3,1888.5128287549862
2305,Warsaw - Liverpool,29987,Warsaw,Q270,52.216666666667,21.033333333333,Liverpool,Q24826,53.4075,-2.99194444444444,1612.4535123539638
2306,London - Alghero,29922,London,Q84,51.507222222222,-0.1275,Alghero,Q166282,40.56,8.315,1378.6370010462822
2307,Alicante - Kaunas,29903,Alicante,Q11959,38.345277777778,-0.48305555555556,Kaunas,Q4115712,54.9,23.933333333333,2594.556418872619
2308,Skopje - Gothenburg,29754,Skopje,Q384,41.983333333333,21.433333333333,Gothenburg,Q25287,57.671706102705,11.980966694056,1867.4192311759552
2309,Helsinki - Jyväskylä,29745,Helsinki,Q1757,60.17556,24.93417,Jyväskylä,Q134620,62.233333333333,25.733333333333,232.7788692147098
2310,Bergen - Kristiansund,29742,Bergen,Q26793,60.3925,5.3233333333333,Kristiansund,Q109483,63.11152,7.73198,327.7843949527396
2311,Stockholm - Cavtat,29707,Stockholm,Q1754,59.329444444444,18.068611111111,Cavtat,Q221350,42.579444444444,18.220833333333,1862.5472490453542
2312,Liverpool - Derry,29601,Liverpool,Q24826,53.4075,-2.99194444444444,Derry,Q163584,54.991666666667,-7.3416666666667,333.19342448733386
2313,Vilnius - Doncaster,29530,Vilnius,Q216,54.683333333333,25.283333333333,Doncaster,Q58900,53.5227777777778,-1.1325,1716.8251525599624
2314,London - Trondheim,29490,London,Q84,51.507222222222,-0.1275,Trondheim,Q25804,63.44,10.4,1464.2177470071283
2315,Düsseldorf - Graz,29488,Düsseldorf,Q1718,51.231144444444,6.7723805555556,Graz,Q13298,47.0708333333333,15.4386111111111,780.9983587887375
2316,Zadar - Kleve,29417,Zadar,Q3370,44.116666666667,15.216666666667,Kleve,Q6246,51.666666666667,6.25,1071.5592711529782
2317,Edinburgh - Exeter,29387,Edinburgh,Q23436,55.95,-3.1988888888889,Exeter,Q134672,50.721538888889,-3.5331083333333,581.800743572442
2318,Skopje - Eindhoven,29369,Skopje,Q384,41.983333333333,21.433333333333,Eindhoven,Q9832,51.434444444444,5.4841666666667,1601.0931944049166
2319,Munich - Lamezia Terme,29288,Munich,Q1726,48.1375,11.575,Lamezia Terme,Q53643,38.966666666667,16.3,1087.978669644869
2320,Brest - Toulon,29269,Brest,Q12193,48.39,-4.4869444444444,Toulon,Q44160,43.125,5.9305555555556,996.535220449215
2321,Vienna - Nuremberg,29237,Vienna,Q1741,48.20833,16.373064,Nuremberg,Q2090,49.4538888888889,11.0775,411.5140192110121
2322,Brussels - Florence,29116,Brussels,Q239,50.8466666666667,4.35166666666667,Florence,Q2044,43.771388888889,11.254166666667,942.364006821387
2323,Kraków - Nottingham,29078,Kraków,Q31487,50.061388888889,19.937222222222,Nottingham,Q41262,52.955,-1.1491666666667,1488.5808944138776
2324,London - Tarbes,29078,London,Q84,51.507222222222,-0.1275,Tarbes,Q184023,43.232777777778,0.074444444444444,920.2023732056276
2325,Málaga - Bremen,29078,Málaga,Q8851,36.716666666667,-4.4166666666667,Bremen,Q24879,53.076944444444,8.8088888888889,2088.7294757962427
2326,Birmingham - Burgas,29041,Birmingham,Q2256,52.48,-1.9025,Burgas,Q6509,42.502965,27.470179,2446.7625826502626
2327,Athens - Cavtat,28964,Athens,Q1524,37.9841666666667,23.7280555555556,Cavtat,Q221350,42.579444444444,18.220833333333,692.0238453486576
2328,Inverness - Stornoway,28934,Inverness,Q160493,57.483888888889,-4.2258333333333,Stornoway,Q165845,58.209,-6.387,151.17508029327774
2329,Rhodes - Billund,28890,Rhodes,Q43048,36.166666666667,28,Billund,Q1701099,55.730833333333,9.1152777777778,2601.2708453849773
2330,Milan - Lampedusa,28842,Milan,Q490,45.466944444444,9.19,Lampedusa,Q107338,35.516666666667,12.583333333333,1142.7340051595818
2331,Warsaw - Luxembourg,28809,Warsaw,Q270,52.216666666667,21.033333333333,Luxembourg,Q1842,49.610555555556,6.1327777777778,1081.8963451108636
2332,Cagliari - Cuneo,28741,Cagliari,Q1897,39.216666666667,9.1166666666667,Cuneo,Q5968,44.383333333333,7.55,588.969742989357
2333,Oslo - Cavtat,28732,Oslo,Q585,59.911111111111,10.752777777778,Cavtat,Q221350,42.579444444444,18.220833333333,1993.0749409878226
2334,Barcelona - Olbia,28708,Barcelona,Q1492,41.3825,2.1769444444444,Olbia,Q13630,40.916666666667,9.5,615.1523636328347
2335,Marseille - Caen,28628,Marseille,Q23482,43.296666666667,5.3763888888889,Caen,Q41185,49.182222222222,-0.37055555555556,789.1948400725965
2336,Cardiff - Zakynthos,28618,Cardiff,Q10690,51.48,-3.18,Zakynthos,Q144880,37.8,20.75,2409.4994053801815
2337,Leipzig - Tenerife,28598,Leipzig,Q2079,51.333333333333,12.383333333333,Tenerife,Q40846,28.268611111111,-16.605555555556,3521.124959107175
2338,Stockholm - Bremen,28592,Stockholm,Q1754,59.329444444444,18.068611111111,Bremen,Q24879,53.076944444444,8.8088888888889,899.1078992530853
2339,Faro - Bournemouth,28580,Faro,Q159457,37.0161111111111,-7.935,Bournemouth,Q170478,50.72,-1.88,1597.8847123538953
2340,Stuttgart - Kos,28576,Stuttgart,Q1022,48.776111111111,9.1775,Kos,Q187027,36.815277777778,27.110277777778,1968.208110861139
2341,Riga - Nottingham,28574,Riga,Q1773,56.9475,24.106944444444,Nottingham,Q41262,52.955,-1.1491666666667,1662.0425576428224
2342,Dublin - Santiago de Compostela,28550,Dublin,Q1761,53.3497222222222,-6.26027777777778,Santiago de Compostela,Q14314,42.883333333333,-8.5333333333333,1175.8200758449418
2343,Edinburgh - Cork,28492,Edinburgh,Q23436,55.95,-3.1988888888889,Cork,Q36647,51.9,-8.4730555555556,567.1654024986677
2344,Marseille - Calvi,28467,Marseille,Q23482,43.296666666667,5.3763888888889,Calvi,Q202439,42.567777777778,8.7566666666667,286.85981797593763
2345,Bratislava - Girona,28448,Bratislava,Q1780,48.144722222222,17.112777777778,Girona,Q7038,41.983333333333,2.8166666666667,1312.2136018776166
2346,Amsterdam - Mytilene,28430,Amsterdam,Q727,52.383333333333,4.9,Mytilene,Q189059,39.103611111111,26.533055555556,2220.076787250821
2347,Stockholm - Niš,28414,Stockholm,Q1754,59.329444444444,18.068611111111,Niš,Q129259,43.319166666667,21.896111111111,1799.286373061857
2348,Birmingham - Bydgoszcz,28388,Birmingham,Q2256,52.48,-1.9025,Bydgoszcz,Q41252,53.116666666667,18,1335.617806952236
2349,Lyon - Metz,28372,Lyon,Q456,45.758888888889,4.8413888888889,Metz,Q22690,49.119722222222,6.1769444444444,386.95448877406756
2350,Mallorca - Cork,28361,Mallorca,Q8828,39.616666666667,2.9833333333333,Cork,Q36647,51.9,-8.4730555555556,1625.2637678742033
2351,Alicante - Billund,28306,Alicante,Q11959,38.345277777778,-0.48305555555556,Billund,Q1701099,55.730833333333,9.1152777777778,2060.925187793197
2352,Memmingen - Niš,28296,Memmingen,Q14825,47.987777777778,10.181111111111,Niš,Q129259,43.319166666667,21.896111111111,1046.5235899894617
2353,Gran Canaria - El Hierro,28233,Gran Canaria,Q178925,27.958611111111,-15.5925,El Hierro,Q1036287,27.75,-18,237.81579131780356
2354,Belfast - Doncaster,28231,Belfast,Q10686,54.596388888889,-5.93,Doncaster,Q58900,53.5227777777778,-1.1325,335.0116058242726
2355,Rzeszów - Dublin,28215,Rzeszów,Q598,50.05,22,Dublin,Q1761,53.3497222222222,-6.26027777777778,1968.2884443325795
2356,Brussels - Skopje,28195,Brussels,Q239,50.8466666666667,4.35166666666667,Skopje,Q384,41.983333333333,21.433333333333,1632.3868976959977
2357,Alicante - Oviedo,28157,Alicante,Q11959,38.345277777778,-0.48305555555556,Oviedo,Q14317,43.3625,-5.8502777777778,717.3077408452709
2358,Amsterdam - Paphos District,28153,Amsterdam,Q727,52.383333333333,4.9,Paphos District,Q59133,34.77682,32.419736,2925.2516222221525
2359,Málaga - Exeter,28153,Málaga,Q8851,36.716666666667,-4.4166666666667,Exeter,Q134672,50.721538888889,-3.5331083333333,1558.8609214395283
2360,Malta - Leeds,28145,Malta,Q233,35.883333333333,14.5,Leeds,Q39121,53.799722222222,-1.5491666666667,2347.9407657243037
2361,Hanover - Jerez de la Frontera,28122,Hanover,Q1715,52.374444444444,9.7386111111111,Jerez de la Frontera,Q12303,36.7,-6.1166666666667,2138.555392977213
2362,London - Sandefjord,28102,London,Q84,51.507222222222,-0.1275,Sandefjord,Q109005,59.12881,10.21971,1068.3953652239127
2363,Limerick - Reus,28054,Limerick,Q133315,52.6653,-8.6238,Reus,Q487096,41.15487,1.10871,1475.0807626702087
2364,Düsseldorf - Lamezia Terme,28025,Düsseldorf,Q1718,51.231144444444,6.7723805555556,Lamezia Terme,Q53643,38.966666666667,16.3,1552.3559596925581
2365,Split - Dublin,28010,Split,Q1663,43.51,16.45,Dublin,Q1761,53.3497222222222,-6.26027777777778,1987.6947565012617
2366,Vienna - Leipzig,27952,Vienna,Q1741,48.20833,16.373064,Leipzig,Q2079,51.333333333333,12.383333333333,450.23983226562564
2367,Limerick - Faro,27783,Limerick,Q133315,52.6653,-8.6238,Faro,Q159457,37.0161111111111,-7.935,1740.9394147112098
2368,Mallorca - Doncaster,27766,Mallorca,Q8828,39.616666666667,2.9833333333333,Doncaster,Q58900,53.5227777777778,-1.1325,1577.2966656225599
2369,Skopje - Bremen,27749,Skopje,Q384,41.983333333333,21.433333333333,Bremen,Q24879,53.076944444444,8.8088888888889,1550.8661991356412
2370,Katowice - Tenerife,27685,Katowice,Q588,50.25,19,Tenerife,Q40846,28.268611111111,-16.605555555556,3859.9000361682674
2371,Oslo - Florø,27681,Oslo,Q585,59.911111111111,10.752777777778,Florø,Q1020010,61.598611111111,5.0172222222222,363.53103121522906
2372,Trieste - Frankfurt,27654,Trieste,Q546,45.6502777777778,13.7702777777778,Frankfurt,Q1794,50.113611111111,8.6797222222222,624.5287469929931
2373,Paris - Santiago de Compostela,27582,Paris,Q90,48.856944444444,2.3513888888889,Santiago de Compostela,Q14314,42.883333333333,-8.5333333333333,1071.2684643883945
2374,Milan - Nottingham,27424,Milan,Q490,45.466944444444,9.19,Nottingham,Q41262,52.955,-1.1491666666667,1119.1226571107925
2375,Geneva - Luxembourg,27407,Geneva,Q71,46.2,6.15,Luxembourg,Q1842,49.610555555556,6.1327777777778,379.2392398801141
2376,Venice - Valencia,27402,Venice,Q641,45.439722222222,12.331944444444,Valencia,Q8818,39.47,-0.376388888888889,1233.7604298182068
2377,Amsterdam - Salzburg,27389,Amsterdam,Q727,52.383333333333,4.9,Salzburg,Q34713,47.7972,13.04768,772.4174328229275
2378,Bratislava - Manchester,27374,Bratislava,Q1780,48.144722222222,17.112777777778,Manchester,Q18125,53.466666666667,-2.2333333333333,1476.6258666764259
2379,Riga - Billund,27372,Riga,Q1773,56.9475,24.106944444444,Billund,Q1701099,55.730833333333,9.1152777777778,931.8863580008335
2380,Lisbon - Porto Santo,27362,Lisbon,Q597,38.708042,-9.139016,Porto Santo,Q27320,33.061944444444,-16.356388888889,903.248782702373
2381,Bergen - Florø,27340,Bergen,Q26793,60.3925,5.3233333333333,Florø,Q1020010,61.598611111111,5.0172222222222,135.124953474187
2382,Budapest - Billund,27322,Budapest,Q1781,47.498333333333,19.040833333333,Billund,Q1701099,55.730833333333,9.1152777777778,1141.1636959203543
2383,Bordeaux - Luxembourg,27321,Bordeaux,Q1479,44.837777777778,-0.57944444444444,Luxembourg,Q1842,49.610555555556,6.1327777777778,733.3165371153946
2384,Tyne and Wear - Paphos District,27296,Tyne and Wear,Q23080,54.974,-1.6132,Paphos District,Q59133,34.77682,32.419736,3439.688609244147
2385,Milan - Tallinn,27267,Milan,Q490,45.466944444444,9.19,Tallinn,Q1770,59.437222222222,24.745,1867.1903290677376
2386,Basel - Bastia,27218,Basel,Q78,47.560555555556,7.5905555555556,Bastia,Q134698,42.7,9.4494444444444,559.7505019040766
2387,London - Aalborg,27156,London,Q84,51.507222222222,-0.1275,Aalborg,Q25410,57.05,9.9166666666667,895.5945857106437
2388,Cologne - Varna,27148,Cologne,Q365,50.942222222222,6.9577777777778,Varna,Q6506,43.211375,27.91108,1795.67291151382
2389,Venice - Seville,27055,Venice,Q641,45.439722222222,12.331944444444,Seville,Q8717,37.383333333333,-5.9833333333333,1764.6110880899532
2390,Athens - Karpathos,26995,Athens,Q1524,37.9841666666667,23.7280555555556,Karpathos,Q11874075,35.583333,27.133333,403.9676703817904
2391,Poznań - Eindhoven,26973,Poznań,Q268,52.4083333333333,16.9336111111111,Eindhoven,Q9832,51.434444444444,5.4841666666667,791.7624858419188
2392,Vienna - Chania,26871,Vienna,Q1741,48.20833,16.373064,Chania,Q182299,35.516666666667,24.016666666667,1544.8080366695378
2393,Paris - Leeds,26869,Paris,Q90,48.856944444444,2.3513888888889,Leeds,Q39121,53.799722222222,-1.5491666666667,612.5737944041167
2394,Warsaw - Kos,26865,Warsaw,Q270,52.216666666667,21.033333333333,Kos,Q187027,36.815277777778,27.110277777778,1777.4795301672636
2395,Trieste - Catania,26847,Trieste,Q546,45.6502777777778,13.7702777777778,Catania,Q1903,37.502669444444,15.087269444444,912.5360174483833
2396,Cologne - Kos,26841,Cologne,Q365,50.942222222222,6.9577777777778,Kos,Q187027,36.815277777778,27.110277777778,2239.086185547401
2397,Luxembourg - Málaga,26830,Luxembourg,Q1842,49.610555555556,6.1327777777778,Málaga,Q8851,36.716666666667,-4.4166666666667,1665.9675774109205
2398,Perugia - Tirana,26803,Perugia,Q3437,43.1121,12.3888,Tirana,Q19689,41.33,19.82,642.9519093061783
2399,Stockholm - Tampere,26738,Stockholm,Q1754,59.329444444444,18.068611111111,Tampere,Q40840,61.4980555555556,23.76,394.46071070299047
2400,Warsaw - Manchester,26736,Warsaw,Q270,52.216666666667,21.033333333333,Manchester,Q18125,53.466666666667,-2.2333333333333,1561.8355978861946
2401,Bologna - Trapani,26692,Bologna,Q1891,44.493888888889,11.342777777778,Trapani,Q13664,38.0175,12.515,726.7555552798336
2402,Katowice - Dublin,26636,Katowice,Q588,50.25,19,Dublin,Q1761,53.3497222222222,-6.26027777777778,1761.082976265193
2403,Bratislava - Niš,26600,Bratislava,Q1780,48.144722222222,17.112777777778,Niš,Q129259,43.319166666667,21.896111111111,652.2058413625148
2404,Bruges - Tenerife,26558,Bruges,Q12994,51.2088888888889,3.22416666666667,Tenerife,Q40846,28.268611111111,-16.605555555556,3041.491931642482
2405,Milan - Bacău,26549,Milan,Q490,45.466944444444,9.19,Bacău,Q10737004,46.583333333333,26.916666666667,1371.3320945211594
2406,Skopje - Hamburg,26535,Skopje,Q384,41.983333333333,21.433333333333,Hamburg,Q1055,53.55,10,1539.9844021955137
2407,Tyne and Wear - Corfu,26486,Tyne and Wear,Q23080,54.974,-1.6132,Corfu,Q121378,39.623888888889,19.82,2332.0139945496817
2408,Lisbon - Rotterdam,26480,Lisbon,Q597,38.708042,-9.139016,Rotterdam,Q34370,51.9225,4.47917,1808.2528603651876
2409,Tours - Porto,26471,Tours,Q288,47.392777777778,0.68833333333333,Porto,Q36433,41.149472222222,-8.6107777777778,1013.6396418692539
2410,Rome - Bratislava,26468,Rome,Q220,41.893055555556,12.482777777778,Bratislava,Q1780,48.144722222222,17.112777777778,784.2938224855974
2411,Poznań - Girona,26457,Poznań,Q268,52.4083333333333,16.9336111111111,Girona,Q7038,41.983333333333,2.8166666666667,1569.7826090843407
2412,Rennes - Barcelona,26449,Rennes,Q647,48.114166666667,-1.6808333333333,Barcelona,Q1492,41.3825,2.1769444444444,807.8797048329031
2413,Venice - Budapest,26435,Venice,Q641,45.439722222222,12.331944444444,Budapest,Q1781,47.498333333333,19.040833333333,562.2362760328602
2414,Barcelona - Nuremberg,26380,Barcelona,Q1492,41.3825,2.1769444444444,Nuremberg,Q2090,49.4538888888889,11.0775,1133.2902732070092
2415,Bergen - Molde,26362,Bergen,Q26793,60.3925,5.3233333333333,Molde,Q104095,62.733333,7.183333,278.27048169350104
2416,Palermo - Kleve,26352,Palermo,Q2656,38.115658,13.361262,Kleve,Q6246,51.666666666667,6.25,1605.691239818516
2417,Warsaw - Birmingham,26341,Warsaw,Q270,52.216666666667,21.033333333333,Birmingham,Q2256,52.48,-1.9025,1551.6233825647582
2418,Memmingen - Târgu Mureș,26331,Memmingen,Q14825,47.987777777778,10.181111111111,Târgu Mureș,Q186349,46.549722222222,24.559722222222,1094.9737487252473
2419,Tenerife - Billund,26324,Tenerife,Q40846,28.268611111111,-16.605555555556,Billund,Q1701099,55.730833333333,9.1152777777778,3675.192405448052
2420,Tromsø - Lakselv,26319,Tromsø,Q26087,69.666667,18.933333,Lakselv,Q531041,70.05132,24.96438,234.74216951176626
2421,Gdańsk - Gothenburg,26287,Gdańsk,Q1792,54.366666666667,18.633333333333,Gothenburg,Q25287,57.671706102705,11.980966694056,552.7168543965598
2422,Prague - Bournemouth,26283,Prague,Q1085,50.083333333333,14.416666666667,Bournemouth,Q170478,50.72,-1.88,1154.8635141557465
2423,Barcelona - Split,26232,Barcelona,Q1492,41.3825,2.1769444444444,Split,Q1663,43.51,16.45,1193.2002119470176
2424,Amsterdam - Dresden,26205,Amsterdam,Q727,52.383333333333,4.9,Dresden,Q1731,51.05,13.74,626.3441520040935
2425,Hanover - Madeira,26198,Hanover,Q1715,52.374444444444,9.7386111111111,Madeira,Q26253,32.75,-17,3057.8782635255475
2426,Vienna - Florence,26181,Vienna,Q1741,48.20833,16.373064,Florence,Q2044,43.771388888889,11.254166666667,631.9991017776978
2427,Katowice - Fuerteventura,26178,Katowice,Q588,50.25,19,Fuerteventura,Q192534,28.4325,-14.003056,3681.4874145002404
2428,Nantes - Porto-Vecchio,26150,Nantes,Q12191,47.217222222222,-1.5538888888889,Porto-Vecchio,Q241567,41.590833333333,9.2797222222222,1062.4010554913839
2429,Helsinki - Billund,26108,Helsinki,Q1757,60.17556,24.93417,Billund,Q1701099,55.730833333333,9.1152777777778,1052.442506673849
2430,Warsaw - Podgorica,26089,Warsaw,Q270,52.216666666667,21.033333333333,Podgorica,Q23564,42.439722222222,19.266111111111,1095.18735987261
2431,Eindhoven - Reus,26088,Eindhoven,Q9832,51.434444444444,5.4841666666667,Reus,Q487096,41.15487,1.10871,1190.8883442375204
2432,Frankfurt - Zadar,26080,Frankfurt,Q1794,50.113611111111,8.6797222222222,Zadar,Q3370,44.116666666667,15.216666666667,829.582784242842
2433,Valencia - Santander,25984,Valencia,Q8818,39.47,-0.376388888888889,Santander,Q12233,43.466666666667,-3.8,527.9691653641399
2434,Berlin - Varna,25969,Berlin,Q64,52.516666666667,13.383333333333,Varna,Q6506,43.211375,27.91108,1493.1995048274066
2435,Turku - Kaunas,25934,Turku,Q38511,60.451666666667,22.27,Kaunas,Q4115712,54.9,23.933333333333,625.1373764791101
2436,Warsaw - Nuremberg,25911,Warsaw,Q270,52.216666666667,21.033333333333,Nuremberg,Q2090,49.4538888888889,11.0775,762.8428458602111
2437,Eindhoven - Cluj-Napoca,25887,Eindhoven,Q9832,51.434444444444,5.4841666666667,Cluj-Napoca,Q100188,46.78,23.559444444444,1409.2930277432513
2438,Almería - Rotterdam,25872,Almería,Q10400,36.84,-2.4675,Rotterdam,Q34370,51.9225,4.47917,1763.6343956977103
2439,Zürich - Graz,25826,Zürich,Q72,47.378611111111,8.54,Graz,Q13298,47.0708333333333,15.4386111111111,521.9017563555876
2440,Toulouse - Bastia,25811,Toulouse,Q7880,43.604444444444,1.4438888888889,Bastia,Q134698,42.7,9.4494444444444,656.8925238630254
2441,Tromsø - Stokmarknes,25774,Tromsø,Q26087,69.666667,18.933333,Stokmarknes,Q288577,68.565555555556,14.905833333333,201.1242896415767
2442,Barcelona - Leeds,25731,Barcelona,Q1492,41.3825,2.1769444444444,Leeds,Q39121,53.799722222222,-1.5491666666667,1408.2198680625595
2443,Düsseldorf - Linz,25724,Düsseldorf,Q1718,51.231144444444,6.7723805555556,Linz,Q41329,48.3,14.283333333333,629.8185947197005
2444,Bratislava - Thessaloniki,25717,Bratislava,Q1780,48.144722222222,17.112777777778,Thessaloniki,Q17151,40.6402777777778,22.9355555555556,953.4628802254894
2445,Tenerife - Doncaster,25701,Tenerife,Q40846,28.268611111111,-16.605555555556,Doncaster,Q58900,53.5227777777778,-1.1325,3079.3762291050202
2446,Rome - Timiș County,25695,Rome,Q220,41.893055555556,12.482777777778,Timiș County,Q185586,45.78,21.35,831.5138124742472
2447,Rome - Cluj-Napoca,25689,Rome,Q220,41.893055555556,12.482777777778,Cluj-Napoca,Q100188,46.78,23.559444444444,1033.6148079236648
2448,Brussels - Chania,25679,Brussels,Q239,50.8466666666667,4.35166666666667,Chania,Q182299,35.516666666667,24.016666666667,2319.6754158272033
2449,Dublin - Burgas,25672,Dublin,Q1761,53.3497222222222,-6.26027777777778,Burgas,Q6509,42.502965,27.470179,2753.4919525760965
2450,Tromsø - Narvik,25652,Tromsø,Q26087,69.666667,18.933333,Narvik,Q59101,68.43828,17.42777,149.11771008951
2451,Brussels - Turin,25635,Brussels,Q239,50.8466666666667,4.35166666666667,Turin,Q495,45.066666666667,7.7,689.1921516965882
2452,Alicante - Antwerp,25629,Alicante,Q11959,38.345277777778,-0.48305555555556,Antwerp,Q12892,51.2211111111111,4.39972222222222,1481.8343084090245
2453,Region of Murcia - Leeds,25620,Region of Murcia,Q5772,38,-1.8333333333333,Leeds,Q39121,53.799722222222,-1.5491666666667,1756.9856436471914
2454,Genoa - Bari,25598,Genoa,Q1449,44.407186111111,8.9339833333333,Bari,Q3519,41.125277777778,16.866666666667,742.8251093074908
2455,London - Tours,25546,London,Q84,51.507222222222,-0.1275,Tours,Q288,47.392777777778,0.68833333333333,461.2833244413746
2456,Berlin - Innsbruck,25544,Berlin,Q64,52.516666666667,13.383333333333,Innsbruck,Q1735,47.268333333333,11.393333333333,600.6844544128215
2457,Kleve - Porto,25507,Kleve,Q6246,51.666666666667,6.25,Porto,Q36433,41.149472222222,-8.6107777777778,1626.7416919492462
2458,Rome - Comiso,25497,Rome,Q220,41.893055555556,12.482777777778,Comiso,Q34072,36.95,14.6,578.8946988151322
2459,Venice - Eindhoven,25494,Venice,Q641,45.439722222222,12.331944444444,Eindhoven,Q9832,51.434444444444,5.4841666666667,835.6073716012183
2460,Rotterdam - Toulon,25438,Rotterdam,Q34370,51.9225,4.47917,Toulon,Q44160,43.125,5.9305555555556,984.2362977292306
2461,Memmingen - Porto,25397,Memmingen,Q14825,47.987777777778,10.181111111111,Porto,Q36433,41.149472222222,-8.6107777777778,1665.5611673996093
2462,Manchester - Inverness,25359,Manchester,Q18125,53.466666666667,-2.2333333333333,Inverness,Q160493,57.483888888889,-4.2258333333333,463.95692963343265
2463,Frankfurt - Bari,25262,Frankfurt,Q1794,50.113611111111,8.6797222222222,Bari,Q3519,41.125277777778,16.866666666667,1183.4406877485135
2464,Rennes - Amsterdam,25249,Rennes,Q647,48.114166666667,-1.6808333333333,Amsterdam,Q727,52.383333333333,4.9,666.049251625442
2465,Berlin - Zadar,25206,Berlin,Q64,52.516666666667,13.383333333333,Zadar,Q3370,44.116666666667,15.216666666667,943.7418541571203
2466,Birmingham - Kos,25178,Birmingham,Q2256,52.48,-1.9025,Kos,Q187027,36.815277777778,27.110277777778,2848.9506281429362
2467,Bucharest - Billund,25175,Bucharest,Q19660,44.4,26.083333333333,Billund,Q1701099,55.730833333333,9.1152777777778,1738.5920421649737
2468,Gdańsk - Liverpool,25161,Gdańsk,Q1792,54.366666666667,18.633333333333,Liverpool,Q24826,53.4075,-2.99194444444444,1415.6370235555282
2469,Brussels - Corfu,25135,Brussels,Q239,50.8466666666667,4.35166666666667,Corfu,Q121378,39.623888888889,19.82,1732.2881476057837
2470,Stockholm - Memmingen,25113,Stockholm,Q1754,59.329444444444,18.068611111111,Memmingen,Q14825,47.987777777778,10.181111111111,1361.8123883763128
2471,Stuttgart - Jerez de la Frontera,25073,Stuttgart,Q1022,48.776111111111,9.1775,Jerez de la Frontera,Q12303,36.7,-6.1166666666667,1827.1192558965788
2472,Dublin - Cluj-Napoca,25032,Dublin,Q1761,53.3497222222222,-6.26027777777778,Cluj-Napoca,Q100188,46.78,23.559444444444,2231.0398509227443
2473,Gdańsk - Wrocław,25016,Gdańsk,Q1792,54.366666666667,18.633333333333,Wrocław,Q1799,51.11,17.0325,377.7965411403033
2474,Vienna - Tallinn,24998,Vienna,Q1741,48.20833,16.373064,Tallinn,Q1770,59.437222222222,24.745,1361.690801007938
2475,Frankfurt - Pamplona,24989,Frankfurt,Q1794,50.113611111111,8.6797222222222,Pamplona,Q10282,42.816666666667,-1.65,1131.2506830784262
2476,Amsterdam - Graz,24978,Amsterdam,Q727,52.383333333333,4.9,Graz,Q13298,47.0708333333333,15.4386111111111,959.0145627005486
2477,Berlin - Corfu,24943,Berlin,Q64,52.516666666667,13.383333333333,Corfu,Q121378,39.623888888889,19.82,1515.6715986672596
2478,Nuremberg - Thessaloniki,24935,Nuremberg,Q2090,49.4538888888889,11.0775,Thessaloniki,Q17151,40.6402777777778,22.9355555555556,1349.038117924642
2479,Dublin - Carcassonne,24931,Dublin,Q1761,53.3497222222222,-6.26027777777778,Carcassonne,Q6582,43.215833333333,2.3513888888889,1292.4122019006063
2480,Kleve - Thessaloniki,24896,Kleve,Q6246,51.666666666667,6.25,Thessaloniki,Q17151,40.6402777777778,22.9355555555556,1768.4342433227685
2481,Zürich - Split,24831,Zürich,Q72,47.378611111111,8.54,Split,Q1663,43.51,16.45,751.634983591966
2482,Warsaw - Alicante,24821,Warsaw,Q270,52.216666666667,21.033333333333,Alicante,Q11959,38.345277777778,-0.48305555555556,2267.1262398972844
2483,Hamburg - Varna,24814,Hamburg,Q1055,53.55,10,Varna,Q6506,43.211375,27.91108,1743.7266996981812
2484,Stuttgart - Sibiu,24807,Stuttgart,Q1022,48.776111111111,9.1775,Sibiu,Q83324,45.8,24.15,1174.57043919428
2485,Dublin - Verona,24770,Dublin,Q1761,53.3497222222222,-6.26027777777778,Verona,Q2028,45.4386111111111,10.9927777777778,1521.0256560205287
2486,Eindhoven - Debrecen,24746,Eindhoven,Q9832,51.434444444444,5.4841666666667,Debrecen,Q79880,47.53,21.639166666667,1242.0210624309143
2487,Oslo - Palanga,24728,Oslo,Q585,59.911111111111,10.752777777778,Palanga,Q2047414,55.916666666667,21.063888888889,752.457348168518
2488,Toulouse - Ajaccio,24718,Toulouse,Q7880,43.604444444444,1.4438888888889,Ajaccio,Q40104,41.925555555556,8.7363888888889,623.6464386276183
2489,Montpellier - Strasbourg,24606,Montpellier,Q6441,43.610919444444,3.8772305555556,Strasbourg,Q6602,48.573333333333,7.7522222222222,627.3081083146055
2490,Catania - Perugia,24517,Catania,Q1903,37.502669444444,15.087269444444,Perugia,Q3437,43.1121,12.3888,664.2851943570516
2491,Vienna - Kos,24499,Vienna,Q1741,48.20833,16.373064,Kos,Q187027,36.815277777778,27.110277777778,1539.2931186631947
2492,Bologna - Olbia,24451,Bologna,Q1891,44.493888888889,11.342777777778,Olbia,Q13630,40.916666666667,9.5,425.2845847959754
2493,Amsterdam - Nottingham,24449,Amsterdam,Q727,52.383333333333,4.9,Nottingham,Q41262,52.955,-1.1491666666667,412.6932056243193
2494,Mallorca - Exeter,24449,Mallorca,Q8828,39.616666666667,2.9833333333333,Exeter,Q134672,50.721538888889,-3.5331083333333,1335.0180977879602
2495,Zaragoza - Bucharest,24425,Zaragoza,Q10305,41.65,-0.88333333333333,Bucharest,Q19660,44.4,26.083333333333,2203.1576363691934
2496,Zagreb - Belgrade,24391,Zagreb,Q1435,45.8130555555556,15.9772222222222,Belgrade,Q3711,44.816666666667,20.466666666667,368.0539281057137
2497,Milan - Granada,24391,Milan,Q490,45.466944444444,9.19,Granada,Q8810,37.178055555556,-3.6008333333333,1407.7415372182415
2498,Amsterdam - Doncaster,24372,Amsterdam,Q727,52.383333333333,4.9,Doncaster,Q58900,53.5227777777778,-1.1325,423.3695844618484
2499,Norwich - Exeter,24352,Norwich,Q130191,52.628056,1.299167,Exeter,Q134672,50.721538888889,-3.5331083333333,394.8036974912407
2500,Valencia - Rotterdam,24320,Valencia,Q8818,39.47,-0.376388888888889,Rotterdam,Q34370,51.9225,4.47917,1434.2639616607337
2501,Brussels - Cagliari,24302,Brussels,Q239,50.8466666666667,4.35166666666667,Cagliari,Q1897,39.216666666667,9.1166666666667,1345.5860145243325
2502,Wrocław - Manchester,24289,Wrocław,Q1799,51.11,17.0325,Manchester,Q18125,53.466666666667,-2.2333333333333,1331.9977747086332
2503,Katowice - Catania,24284,Katowice,Q588,50.25,19,Catania,Q1903,37.502669444444,15.087269444444,1451.1860635094056
2504,Trondheim - Kraków,24197,Trondheim,Q25804,63.44,10.4,Kraków,Q31487,50.061388888889,19.937222222222,1593.2054692200145
2505,Dublin - Aberdeen,24133,Dublin,Q1761,53.3497222222222,-6.26027777777778,Aberdeen,Q36405,57.15,-2.1,497.8864675134715
2506,Zagreb - Barcelona,24118,Zagreb,Q1435,45.8130555555556,15.9772222222222,Barcelona,Q1492,41.3825,2.1769444444444,1213.4917125530612
2507,Cardiff - Faro,24108,Cardiff,Q10690,51.48,-3.18,Faro,Q159457,37.0161111111111,-7.935,1651.4047298768342
2508,Milan - Santorini,24102,Milan,Q490,45.466944444444,9.19,Santorini,Q129296,36.416666666667,25.433333333333,1690.019766773621
2509,London - Granada,24096,London,Q84,51.507222222222,-0.1275,Granada,Q8810,37.178055555556,-3.6008333333333,1616.6164968924459
2510,Edinburgh - Mainland,24051,Edinburgh,Q23436,55.95,-3.1988888888889,Mainland,Q148749,58.983333333333,-3.1,337.3435404868926
2511,Rome - Podgorica,24043,Rome,Q220,41.893055555556,12.482777777778,Podgorica,Q23564,42.439722222222,19.266111111111,562.2076062085399
2512,Cagliari - Bari,24002,Cagliari,Q1897,39.216666666667,9.1166666666667,Bari,Q3519,41.125277777778,16.866666666667,691.5573336343858
2513,Tenerife - Bournemouth,23994,Tenerife,Q40846,28.268611111111,-16.605555555556,Bournemouth,Q170478,50.72,-1.88,2786.1828750094846
2514,Tyne and Wear - Reus,23993,Tyne and Wear,Q23080,54.974,-1.6132,Reus,Q487096,41.15487,1.10871,1549.570411146673
2515,Brussels - Brindisi,23961,Brussels,Q239,50.8466666666667,4.35166666666667,Brindisi,Q13496,40.638333333333,17.945833333333,1544.8007534382052
2516,Mallorca - Jerez de la Frontera,23925,Mallorca,Q8828,39.616666666667,2.9833333333333,Jerez de la Frontera,Q12303,36.7,-6.1166666666667,858.6814257373658
2517,Bordeaux - Bastia,23893,Bordeaux,Q1479,44.837777777778,-0.57944444444444,Bastia,Q134698,42.7,9.4494444444444,839.0101628277803
2518,Munich - Jerez de la Frontera,23840,Munich,Q1726,48.1375,11.575,Jerez de la Frontera,Q12303,36.7,-6.1166666666667,1922.0581357511596
2519,Málaga - Santander,23783,Málaga,Q8851,36.716666666667,-4.4166666666667,Santander,Q12233,43.466666666667,-3.8,752.3912032933233
2520,Manchester - Limoges,23781,Manchester,Q18125,53.466666666667,-2.2333333333333,Limoges,Q45656,45.834444444444,1.2616666666667,884.9006642440703
2521,Leipzig - Rhodes,23769,Leipzig,Q2079,51.333333333333,12.383333333333,Rhodes,Q43048,36.166666666667,28,2092.4529426686922
2522,Bergen - Bodø,23748,Bergen,Q26793,60.3925,5.3233333333333,Bodø,Q39383,67.28267,14.37513,883.4154239984708
2523,Geneva - Ajaccio,23747,Geneva,Q71,46.2,6.15,Ajaccio,Q40104,41.925555555556,8.7363888888889,518.2048765135872
2524,Dublin - Bournemouth,23746,Dublin,Q1761,53.3497222222222,-6.26027777777778,Bournemouth,Q170478,50.72,-1.88,418.526882023361
2525,Milan - Santiago de Compostela,23676,Milan,Q490,45.466944444444,9.19,Santiago de Compostela,Q14314,42.883333333333,-8.5333333333333,1439.2025176954014
2526,Berlin - Pula,23668,Berlin,Q64,52.516666666667,13.383333333333,Pula,Q4656,44.866666666667,13.833333333333,851.2789126681238
2527,Amsterdam - Kefalonia,23658,Amsterdam,Q727,52.383333333333,4.9,Kefalonia,Q178488,38.265,20.5525,1981.5142650315433
2528,Karlsruhe - Alicante,23599,Karlsruhe,Q1040,49.016666666667,8.4,Alicante,Q11959,38.345277777778,-0.48305555555556,1382.8606888335269
2529,Florence - Bucharest,23573,Florence,Q2044,43.771388888889,11.254166666667,Bucharest,Q19660,44.4,26.083333333333,1184.8627577580828
2530,Budapest - Paphos District,23525,Budapest,Q1781,47.498333333333,19.040833333333,Paphos District,Q59133,34.77682,32.419736,1799.1220245495028
2531,Vienna - Olbia,23518,Vienna,Q1741,48.20833,16.373064,Olbia,Q13630,40.916666666667,9.5,975.7820051944408
2532,Maastricht - Alicante,23516,Maastricht,Q1309,50.866666666667,5.6833333333333,Alicante,Q11959,38.345277777778,-0.48305555555556,1474.113873258759
2533,Alicante - Bremen,23505,Alicante,Q11959,38.345277777778,-0.48305555555556,Bremen,Q24879,53.076944444444,8.8088888888889,1786.4252348246225
2534,Warsaw - Ljubljana,23458,Warsaw,Q270,52.216666666667,21.033333333333,Ljubljana,Q437,46.05,14.516666666667,832.9184437529918
2535,Stuttgart - Olbia,23430,Stuttgart,Q1022,48.776111111111,9.1775,Olbia,Q13630,40.916666666667,9.5,874.2991799978528
2536,Bristol - Cavtat,23402,Bristol,Q23154,51.45,-2.5833333333333,Cavtat,Q221350,42.579444444444,18.220833333333,1850.3538175073236
2537,Hamburg - Kos,23374,Hamburg,Q1055,53.55,10,Kos,Q187027,36.815277777778,27.110277777778,2280.873853870894
2538,Nice - Porto-Vecchio,23309,Nice,Q33959,43.701944444444,7.2683333333333,Porto-Vecchio,Q241567,41.590833333333,9.2797222222222,286.6301399941796
2539,Helsinki - Madeira,23249,Helsinki,Q1757,60.17556,24.93417,Madeira,Q26253,32.75,-17,4302.617594476051
2540,Frankfurt - Brindisi,23229,Frankfurt,Q1794,50.113611111111,8.6797222222222,Brindisi,Q13496,40.638333333333,17.945833333333,1276.1134781965845
2541,Rotterdam - Heraklion,23202,Rotterdam,Q34370,51.9225,4.47917,Heraklion,Q160544,35.3402777777778,25.1344444444444,2465.119096570693
2542,London - Perpignan,23177,London,Q84,51.507222222222,-0.1275,Perpignan,Q6730,42.6975,2.8947222222222,1005.7188209495247
2543,Zagreb - Madrid,23163,Zagreb,Q1435,45.8130555555556,15.9772222222222,Madrid,Q2807,40.418888888889,-3.6919444444444,1700.0297066170872
2544,Verona - Manchester,23159,Verona,Q2028,45.4386111111111,10.9927777777778,Manchester,Q18125,53.466666666667,-2.2333333333333,1304.2018412523555
2545,Stuttgart - Corfu,23124,Stuttgart,Q1022,48.776111111111,9.1775,Corfu,Q121378,39.623888888889,19.82,1322.3278316536562
2546,Warsaw - Zakynthos,23107,Warsaw,Q270,52.216666666667,21.033333333333,Zakynthos,Q144880,37.8,20.75,1603.2141698971009
2547,Berlin - Graz,23087,Berlin,Q64,52.516666666667,13.383333333333,Graz,Q13298,47.0708333333333,15.4386111111111,623.1927902105025
2548,Paris - Thessaloniki,23078,Paris,Q90,48.856944444444,2.3513888888889,Thessaloniki,Q17151,40.6402777777778,22.9355555555556,1856.1123625482423
2549,Skopje - Hanover,23034,Skopje,Q384,41.983333333333,21.433333333333,Hanover,Q1715,52.374444444444,9.7386111111111,1450.9350538181568
2550,Madrid - Sibiu,22988,Madrid,Q2807,40.418888888889,-3.6919444444444,Sibiu,Q83324,45.8,24.15,2324.93676396572
2551,Skopje - Växjö,22986,Skopje,Q384,41.983333333333,21.433333333333,Växjö,Q26152,56.889029924861,14.802795326212,1723.4268032711318
2552,Vitoria-Gasteiz - Tenerife,22982,Vitoria-Gasteiz,Q14318,42.846666666667,-2.6730555555556,Tenerife,Q40846,28.268611111111,-16.605555555556,2047.3591961504776
2553,Hanover - Varna,22965,Hanover,Q1715,52.374444444444,9.7386111111111,Varna,Q6506,43.211375,27.91108,1689.4522358317847
2554,Brussels - Wrocław,22955,Brussels,Q239,50.8466666666667,4.35166666666667,Wrocław,Q1799,51.11,17.0325,887.1689794421964
2555,Brussels - Perpignan,22945,Brussels,Q239,50.8466666666667,4.35166666666667,Perpignan,Q6730,42.6975,2.8947222222222,912.8652852399788
2556,Copenhagen - Madeira,22939,Copenhagen,Q1748,55.676111111111,12.568888888889,Madeira,Q26253,32.75,-17,3421.26295401899
2557,Stuttgart - Madeira,22938,Stuttgart,Q1022,48.776111111111,9.1775,Madeira,Q26253,32.75,-17,2810.1751943278587
2558,Innsbruck - Eindhoven,22918,Innsbruck,Q1735,47.268333333333,11.393333333333,Eindhoven,Q9832,51.434444444444,5.4841666666667,630.3224859940409
2559,Oslo - Aarhus,22913,Oslo,Q585,59.911111111111,10.752777777778,Aarhus,Q25319,56.156388888889,10.209722222222,418.7250774177758
2560,Porto - Praia da Vitória,22912,Porto,Q36433,41.149472222222,-8.6107777777778,Praia da Vitória,Q73046,38.733333333333,-27.066666666667,1593.063852891857
2561,Milan - Kaunas,22874,Milan,Q490,45.466944444444,9.19,Kaunas,Q4115712,54.9,23.933333333333,1478.2941594518757
2562,Dublin - Bacău,22857,Dublin,Q1761,53.3497222222222,-6.26027777777778,Bacău,Q10737004,46.583333333333,26.916666666667,2463.736625529123
2563,Warsaw - Málaga,22857,Warsaw,Q270,52.216666666667,21.033333333333,Málaga,Q8851,36.716666666667,-4.4166666666667,2630.4125769157718
2564,Gdańsk - Aberdeen,22853,Gdańsk,Q1792,54.366666666667,18.633333333333,Aberdeen,Q36405,57.15,-2.1,1328.0011981405185
2565,Prague - Almería,22835,Prague,Q1085,50.083333333333,14.416666666667,Almería,Q10400,36.84,-2.4675,1997.1213184370738
2566,Katowice - Bristol,22772,Katowice,Q588,50.25,19,Bristol,Q23154,51.45,-2.5833333333333,1515.541791045759
2567,Trieste - Bari,22760,Trieste,Q546,45.6502777777778,13.7702777777778,Bari,Q3519,41.125277777778,16.866666666667,561.8247900491921
2568,Brussels - Burgas,22752,Brussels,Q239,50.8466666666667,4.35166666666667,Burgas,Q6509,42.502965,27.470179,1981.2638875705754
2569,Warsaw - Corfu,22735,Warsaw,Q270,52.216666666667,21.033333333333,Corfu,Q121378,39.623888888889,19.82,1403.343867278241
2570,Katowice - Munich,22720,Katowice,Q588,50.25,19,Munich,Q1726,48.1375,11.575,588.1244310624079
2571,Rome - Karlsruhe,22716,Rome,Q220,41.893055555556,12.482777777778,Karlsruhe,Q1040,49.016666666667,8.4,853.4030449166901
2572,Karlsruhe - Málaga,22697,Karlsruhe,Q1040,49.016666666667,8.4,Málaga,Q8851,36.716666666667,-4.4166666666667,1715.9580185079665
2573,Santander - Tenerife,22665,Santander,Q12233,43.466666666667,-3.8,Tenerife,Q40846,28.268611111111,-16.605555555556,2040.9237130199167
2574,Alicante - Memmingen,22656,Alicante,Q11959,38.345277777778,-0.48305555555556,Memmingen,Q14825,47.987777777778,10.181111111111,1374.8425979983024
2575,"Limerick - San Bartolomé, Las Palmas",22609,Limerick,Q133315,52.6653,-8.6238,"San Bartolomé, Las Palmas",Q962773,29.0016342148498,-13.6139314665816,2663.0161309431423
2576,Zürich - Olbia,22585,Zürich,Q72,47.378611111111,8.54,Olbia,Q13630,40.916666666667,9.5,722.591100262937
2577,Rome - Craiova,22530,Rome,Q220,41.893055555556,12.482777777778,Craiova,Q168057,44.333333333333,23.816666666667,958.2711933503216
2578,Poznań - Stockholm,22530,Poznań,Q268,52.4083333333333,16.9336111111111,Stockholm,Q1754,59.329444444444,18.068611111111,772.8148513696794
2579,Munich - Mykonos,22511,Munich,Q1726,48.1375,11.575,Mykonos,Q190210,37.45,25.333333333333,1629.93238510124
2580,Katowice - Larnaca,22488,Katowice,Q588,50.25,19,Larnaca,Q171882,34.916666666667,33.633333333333,2075.660839148444
2581,Katowice - Liverpool,22486,Katowice,Q588,50.25,19,Liverpool,Q24826,53.4075,-2.99194444444444,1544.835567592005
2582,Brussels - Ancona,22455,Brussels,Q239,50.8466666666667,4.35166666666667,Ancona,Q3415,43.616666666667,13.516666666667,1059.1403896834606
2583,Nuremberg - Madrid,22403,Nuremberg,Q2090,49.4538888888889,11.0775,Madrid,Q2807,40.418888888889,-3.6919444444444,1531.6493883506848
2584,Gdańsk - Trondheim,22382,Gdańsk,Q1792,54.366666666667,18.633333333333,Trondheim,Q25804,63.44,10.4,1112.1484842749778
2585,Bristol - Connacht,22365,Bristol,Q23154,51.45,-2.5833333333333,Connacht,Q164421,53.78,-9.05,507.39299739833103
2586,Naples - Mykonos,22358,Naples,Q2634,40.833333333333,14.25,Mykonos,Q190210,37.45,25.333333333333,1026.2751527350274
2587,Stockholm - Belgrade,22350,Stockholm,Q1754,59.329444444444,18.068611111111,Belgrade,Q3711,44.816666666667,20.466666666667,1621.7866029723054
2588,Málaga - Antwerp,22350,Málaga,Q8851,36.716666666667,-4.4166666666667,Antwerp,Q12892,51.2211111111111,4.39972222222222,1757.3922934928314
2589,Warsaw - Košice,22348,Warsaw,Q270,52.216666666667,21.033333333333,Košice,Q25409,48.716666666667,21.25,389.4843673288742
2590,Valencia - Cluj-Napoca,22311,Valencia,Q8818,39.47,-0.376388888888889,Cluj-Napoca,Q100188,46.78,23.559444444444,2095.20030730517
2591,Katowice - Reykjavík,22306,Katowice,Q588,50.25,19,Reykjavík,Q1764,64.1475,-21.935,2836.1488816308224
2592,Düsseldorf - Burgas,22297,Düsseldorf,Q1718,51.231144444444,6.7723805555556,Burgas,Q6509,42.502965,27.470179,1839.113595110193
2593,Memmingen - Faro,22291,Memmingen,Q14825,47.987777777778,10.181111111111,Faro,Q159457,37.0161111111111,-7.935,1913.5955804516243
2594,Poznań - Bristol,22281,Poznań,Q268,52.4083333333333,16.9336111111111,Bristol,Q23154,51.45,-2.5833333333333,1338.3480514064797
2595,Malta - Stockholm,22280,Malta,Q233,35.883333333333,14.5,Stockholm,Q1754,59.329444444444,18.068611111111,2619.894828625401
2596,Berlin - Billund,22275,Berlin,Q64,52.516666666667,13.383333333333,Billund,Q1701099,55.730833333333,9.1152777777778,452.6897303894506
2597,Palermo - Memmingen,22267,Palermo,Q2656,38.115658,13.361262,Memmingen,Q14825,47.987777777778,10.181111111111,1127.4655718362014
2598,Edinburgh - Shetland Islands,22258,Edinburgh,Q23436,55.95,-3.1988888888889,Shetland Islands,Q47134,60.35685,-1.26068,502.985745690226
2599,Warsaw - Cavtat,22227,Warsaw,Q270,52.216666666667,21.033333333333,Cavtat,Q221350,42.579444444444,18.220833333333,1092.0984777182919
2600,Riga - Turku,22192,Riga,Q1773,56.9475,24.106944444444,Turku,Q38511,60.451666666667,22.27,403.79750483253304
2601,Cagliari - Parma,22189,Cagliari,Q1897,39.216666666667,9.1166666666667,Parma,Q2683,44.801472222222,10.328,628.9944089212586
2602,Bucharest - Paphos District,22181,Bucharest,Q19660,44.4,26.083333333333,Paphos District,Q59133,34.77682,32.419736,1198.995839670569
2603,Montpellier - Rotterdam,22174,Montpellier,Q6441,43.610919444444,3.8772305555556,Rotterdam,Q34370,51.9225,4.47917,925.292467239552
2604,Prague - Trapani,22170,Prague,Q1085,50.083333333333,14.416666666667,Trapani,Q13664,38.0175,12.515,1350.120917198
2605,Vienna - Corfu,22096,Vienna,Q1741,48.20833,16.373064,Corfu,Q121378,39.623888888889,19.82,993.3989804945791
2606,Munich - Santorini,22084,Munich,Q1726,48.1375,11.575,Santorini,Q129296,36.416666666667,25.433333333333,1726.2349586521889
2607,Belgrade - Memmingen,22040,Belgrade,Q3711,44.816666666667,20.466666666667,Memmingen,Q14825,47.987777777778,10.181111111111,863.019784645725
2608,Stuttgart - Graz,22007,Stuttgart,Q1022,48.776111111111,9.1775,Graz,Q13298,47.0708333333333,15.4386111111111,503.4110094952107
2609,Ljubljana - Sarajevo,21975,Ljubljana,Q437,46.05,14.516666666667,Sarajevo,Q11194,43.8563333333333,18.4132222222222,391.73178579459835
2610,Ljubljana - Vienna,21945,Ljubljana,Q437,46.05,14.516666666667,Vienna,Q1741,48.20833,16.373064,278.04616900794923
2611,Helsinki - Burgas,21919,Helsinki,Q1757,60.17556,24.93417,Burgas,Q6509,42.502965,27.470179,1972.6284110453641
2612,Bristol - Madeira,21914,Bristol,Q23154,51.45,-2.5833333333333,Madeira,Q26253,32.75,-17,2385.680470210223
2613,Gdańsk - Edinburgh,21901,Gdańsk,Q1792,54.366666666667,18.633333333333,Edinburgh,Q23436,55.95,-3.1988888888889,1392.1229548315184
2614,Riga - Doncaster,21900,Riga,Q1773,56.9475,24.106944444444,Doncaster,Q58900,53.5227777777778,-1.1325,1634.773899290959
2615,Seville - Almería,21857,Seville,Q8717,37.383333333333,-5.9833333333333,Almería,Q10400,36.84,-2.4675,317.5415999228861
2616,Birmingham - Chania,21842,Birmingham,Q2256,52.48,-1.9025,Chania,Q182299,35.516666666667,24.016666666667,2775.053615307445
2617,Trondheim - Mosjøen,21808,Trondheim,Q25804,63.44,10.4,Mosjøen,Q851998,65.833333333333,13.2,297.60778692077565
2618,Warsaw - Madeira,21808,Warsaw,Q270,52.216666666667,21.033333333333,Madeira,Q26253,32.75,-17,3730.4563233011345
2619,Katowice - Mallorca,21741,Katowice,Q588,50.25,19,Mallorca,Q8828,39.616666666667,2.9833333333333,1721.6975828897714
2620,Lisbon - Lille,21728,Lisbon,Q597,38.708042,-9.139016,Lille,Q648,50.631944444444,3.0575,1634.9946089114676
2621,London - Skiathos,21725,London,Q84,51.507222222222,-0.1275,Skiathos,Q515085,39.166666666667,23.483333333333,2282.676339406058
2622,Paris - Podgorica,21708,Paris,Q90,48.856944444444,2.3513888888889,Podgorica,Q23564,42.439722222222,19.266111111111,1491.3078277637667
2623,London - Rovaniemi,21703,London,Q84,51.507222222222,-0.1275,Rovaniemi,Q103717,66.5027903,25.7284789,2197.473436432266
2624,Vadsø - Kirkenes,21669,Vadsø,Q104379,70.073333333333,29.749722222222,Kirkenes,Q209423,69.72708,30.04511,40.1220642946109
2625,Dublin - Bydgoszcz,21664,Dublin,Q1761,53.3497222222222,-6.26027777777778,Bydgoszcz,Q41252,53.116666666667,18,1607.111477034867
2626,Stavanger - Kraków,21650,Stavanger,Q25416,58.97,5.71,Kraków,Q31487,50.061388888889,19.937222222222,1345.3557020789349
2627,Alicante - Limerick,21636,Alicante,Q11959,38.345277777778,-0.48305555555556,Limerick,Q133315,52.6653,-8.6238,1711.4214555423962
2628,Berlin - Brindisi,21627,Berlin,Q64,52.516666666667,13.383333333333,Brindisi,Q13496,40.638333333333,17.945833333333,1365.3643186198922
2629,Katowice - Chania,21626,Katowice,Q588,50.25,19,Chania,Q182299,35.516666666667,24.016666666667,1687.4977360072146
2630,Warsaw - Memmingen,21610,Warsaw,Q270,52.216666666667,21.033333333333,Memmingen,Q14825,47.987777777778,10.181111111111,904.2765771967057
2631,Luxembourg - Faro,21588,Luxembourg,Q1842,49.610555555556,6.1327777777778,Faro,Q159457,37.0161111111111,-7.935,1798.4555511634899
2632,Skopje - Belgrade,21569,Skopje,Q384,41.983333333333,21.433333333333,Belgrade,Q3711,44.816666666667,20.466666666667,324.58124774867
2633,Vienna - Rotterdam,21538,Vienna,Q1741,48.20833,16.373064,Rotterdam,Q34370,51.9225,4.47917,942.570700177942
2634,Amsterdam - Växjö,21525,Amsterdam,Q727,52.383333333333,4.9,Växjö,Q26152,56.889029924861,14.802795326212,809.3460328978559
2635,Leeds - Larnaca,21498,Leeds,Q39121,53.799722222222,-1.5491666666667,Larnaca,Q171882,34.916666666667,33.633333333333,3440.313764271994
2636,Madeira - Porto Santo,21464,Madeira,Q26253,32.75,-17,Porto Santo,Q27320,33.061944444444,-16.356388888889,69.37784291344123
2637,Frankfurt - Bydgoszcz,21350,Frankfurt,Q1794,50.113611111111,8.6797222222222,Bydgoszcz,Q41252,53.116666666667,18,724.237318700487
2638,Geneva - Cagliari,21311,Geneva,Q71,46.2,6.15,Cagliari,Q1897,39.216666666667,9.1166666666667,813.3046836646088
2639,Glasgow - Bydgoszcz,21301,Glasgow,Q4093,55.8611111111111,-4.25,Bydgoszcz,Q41252,53.116666666667,18,1462.3458559423975
2640,Milan - Sandefjord,21277,Milan,Q490,45.466944444444,9.19,Sandefjord,Q109005,59.12881,10.21971,1520.6992530469283
2641,Nuremberg - Bucharest,21269,Nuremberg,Q2090,49.4538888888889,11.0775,Bucharest,Q19660,44.4,26.083333333333,1267.5235945154334
2642,Thessaloniki - Chios,21236,Thessaloniki,Q17151,40.6402777777778,22.9355555555556,Chios,Q160483,38.4,26.016666666667,363.1358511372277
2643,Alicante - Trondheim,21209,Alicante,Q11959,38.345277777778,-0.48305555555556,Trondheim,Q25804,63.44,10.4,2883.7002474807573
2644,Tyne and Wear - Exeter,21189,Tyne and Wear,Q23080,54.974,-1.6132,Exeter,Q134672,50.721538888889,-3.5331083333333,490.06572954033106
2645,Wrocław - Palermo,21151,Wrocław,Q1799,51.11,17.0325,Palermo,Q2656,38.115658,13.361262,1473.3526666508956
2646,Lille - Faro,21129,Lille,Q648,50.631944444444,3.0575,Faro,Q159457,37.0161111111111,-7.935,1747.8417387276597
2647,Katowice - Amsterdam,21093,Katowice,Q588,50.25,19,Amsterdam,Q727,52.383333333333,4.9,1006.4547729524603
2648,Valencia - Oviedo,21067,Valencia,Q8818,39.47,-0.376388888888889,Oviedo,Q14317,43.3625,-5.8502777777778,628.7720166587065
2649,Málaga - Doncaster,21057,Málaga,Q8851,36.716666666667,-4.4166666666667,Doncaster,Q58900,53.5227777777778,-1.1325,1885.9262521399346
2650,Maastricht - Girona,21047,Maastricht,Q1309,50.866666666667,5.6833333333333,Girona,Q7038,41.983333333333,2.8166666666667,1011.7164136858044
2651,Caen - Bastia,21029,Caen,Q41185,49.182222222222,-0.37055555555556,Bastia,Q134698,42.7,9.4494444444444,1045.3730702712166
2652,Munich - Cagliari,21026,Munich,Q1726,48.1375,11.575,Cagliari,Q1897,39.216666666667,9.1166666666667,1011.3152222123751
2653,Karlsruhe - Trapani,21023,Karlsruhe,Q1040,49.016666666667,8.4,Trapani,Q13664,38.0175,12.515,1266.7605008955989
2654,Kleve - Faro,20992,Kleve,Q6246,51.666666666667,6.25,Faro,Q159457,37.0161111111111,-7.935,1973.910108024714
2655,Ponta Delgada - Santa Cruz das Flores,20985,Ponta Delgada,Q208149,37.74,-25.67,Santa Cruz das Flores,Q1003134,39.45,-31.116666666667,510.0054292666129
2656,Prague - Zadar,20949,Prague,Q1085,50.083333333333,14.416666666667,Zadar,Q3370,44.116666666667,15.216666666667,666.2106018166338
2657,Vágar - Billund,20940,Vágar,Q207675,62.083333333333,-7.2666666666667,Billund,Q1701099,55.730833333333,9.1152777777778,1170.9496108741682
2658,Budapest - Doncaster,20933,Budapest,Q1781,47.498333333333,19.040833333333,Doncaster,Q58900,53.5227777777778,-1.1325,1568.760129241784
2659,Vienna - Santorini,20898,Vienna,Q1741,48.20833,16.373064,Santorini,Q129296,36.416666666667,25.433333333333,1505.6001831875665
2660,Berlin - Kefalonia,20862,Berlin,Q64,52.516666666667,13.383333333333,Kefalonia,Q178488,38.265,20.5525,1678.6607396718166
2661,Manchester - Preveza,20856,Manchester,Q18125,53.466666666667,-2.2333333333333,Preveza,Q213898,38.95,20.75,2374.874913855674
2662,Eindhoven - Lublin,20811,Eindhoven,Q9832,51.434444444444,5.4841666666667,Lublin,Q37333,51.233333333333,22.566666666667,1184.2858274835246
2663,Berlin - Split,20788,Berlin,Q64,52.516666666667,13.383333333333,Split,Q1663,43.51,16.45,1026.8985661999898
2664,Skopje - Copenhagen,20778,Skopje,Q384,41.983333333333,21.433333333333,Copenhagen,Q1748,55.676111111111,12.568888888889,1651.9322722923841
2665,Copenhagen - Cavtat,20777,Copenhagen,Q1748,55.676111111111,12.568888888889,Cavtat,Q221350,42.579444444444,18.220833333333,1511.9915114546607
2666,London - Zadar,20743,London,Q84,51.507222222222,-0.1275,Zadar,Q3370,44.116666666667,15.216666666667,1405.5146148229148
2667,Berlin - Zagreb,20741,Berlin,Q64,52.516666666667,13.383333333333,Zagreb,Q1435,45.8130555555556,15.9772222222222,768.7628585663311
2668,Bologna - Crotone,20688,Bologna,Q1891,44.493888888889,11.342777777778,Crotone,Q6681,39.083333333333,17.116666666667,768.404710405577
2669,Split - Bristol,20673,Split,Q1663,43.51,16.45,Bristol,Q23154,51.45,-2.5833333333333,1673.3963010354935
2670,Bergen - Aberdeen,20672,Bergen,Q26793,60.3925,5.3233333333333,Aberdeen,Q36405,57.15,-2.1,559.022111650083
2671,Poznań - Zadar,20654,Poznań,Q268,52.4083333333333,16.9336111111111,Zadar,Q3370,44.116666666667,15.216666666667,930.6388687438298
2672,Montpellier - Brest,20618,Montpellier,Q6441,43.610919444444,3.8772305555556,Brest,Q12193,48.39,-4.4869444444444,835.6989589879055
2673,Jersey - Exeter,20612,Jersey,Q785,49.19,-2.11,Exeter,Q134672,50.721538888889,-3.5331083333333,198.40282755210535
2674,Milan - Corfu,20564,Milan,Q490,45.466944444444,9.19,Corfu,Q121378,39.623888888889,19.82,1084.973328092938
2675,Valencia - Nottingham,20510,Valencia,Q8818,39.47,-0.376388888888889,Nottingham,Q41262,52.955,-1.1491666666667,1500.6211704064058
2676,Reykjavík - Wrocław,20503,Reykjavík,Q1764,64.1475,-21.935,Wrocław,Q1799,51.11,17.0325,2672.367075088772
2677,Eindhoven - Kaunas,20491,Eindhoven,Q9832,51.434444444444,5.4841666666667,Kaunas,Q4115712,54.9,23.933333333333,1284.3782764337664
2678,Girona - Kaunas,20470,Girona,Q7038,41.983333333333,2.8166666666667,Kaunas,Q4115712,54.9,23.933333333333,2103.380387188325
2679,Zürich - Kos,20445,Zürich,Q72,47.378611111111,8.54,Kos,Q187027,36.815277777778,27.110277777778,1922.2488942615566
2680,Riga - Trondheim,20443,Riga,Q1773,56.9475,24.106944444444,Trondheim,Q25804,63.44,10.4,1042.5323075230117
2681,Stockholm - Tromsø,20421,Stockholm,Q1754,59.329444444444,18.068611111111,Tromsø,Q26087,69.666667,18.933333,1150.1649956974393
2682,Birmingham - Inverness,20413,Birmingham,Q2256,52.48,-1.9025,Inverness,Q160493,57.483888888889,-4.2258333333333,575.7302797800568
2683,Malmö - Bucharest,20391,Malmö,Q2211,55.593188589918,13.021423031021,Bucharest,Q19660,44.4,26.083333333333,1550.4845328142305
2684,Rome - Rotterdam,20379,Rome,Q220,41.893055555556,12.482777777778,Rotterdam,Q34370,51.9225,4.47917,1268.4173160146254
2685,Leeds - Corfu,20360,Leeds,Q39121,53.799722222222,-1.5491666666667,Corfu,Q121378,39.623888888889,19.82,2250.174694228727
2686,Zürich - Lamezia Terme,20351,Zürich,Q72,47.378611111111,8.54,Lamezia Terme,Q53643,38.966666666667,16.3,1126.073222453891
2687,Stuttgart - Zadar,20315,Stuttgart,Q1022,48.776111111111,9.1775,Zadar,Q3370,44.116666666667,15.216666666667,694.2015678204784
2688,Manchester - Skiathos,20272,Manchester,Q18125,53.466666666667,-2.2333333333333,Skiathos,Q515085,39.166666666667,23.483333333333,2511.503855727691
2689,Birmingham - Cavtat,20267,Birmingham,Q2256,52.48,-1.9025,Cavtat,Q221350,42.579444444444,18.220833333333,1858.9830243776353
2690,Oslo - Burgas,20258,Oslo,Q585,59.911111111111,10.752777777778,Burgas,Q6509,42.502965,27.470179,2244.6049841486083
2691,Rome - Skopje,20252,Rome,Q220,41.893055555556,12.482777777778,Skopje,Q384,41.983333333333,21.433333333333,740.0698965837935
2692,Prague - Pescara,20240,Prague,Q1085,50.083333333333,14.416666666667,Pescara,Q2704,42.464277777778,14.214188888889,847.3436721508954
2693,Glasgow - Paphos District,20222,Glasgow,Q4093,55.8611111111111,-4.25,Paphos District,Q59133,34.77682,32.419736,3632.380651009313
2694,Stockholm - Zadar,20196,Stockholm,Q1754,59.329444444444,18.068611111111,Zadar,Q3370,44.116666666667,15.216666666667,1702.5641654583699
2695,Leeds - Mahon,20174,Leeds,Q39121,53.799722222222,-1.5491666666667,Mahon,Q49550,39.889444444444,4.2641666666667,1607.3550061905967
2696,Region of Murcia - Bournemouth,20168,Region of Murcia,Q5772,38,-1.8333333333333,Bournemouth,Q170478,50.72,-1.88,1414.4064751141968
2697,Munich - Iași,20165,Munich,Q1726,48.1375,11.575,Iași,Q46852,47.162222222222,27.588888888889,1202.2577914035633
2698,Eindhoven - Kos,20111,Eindhoven,Q9832,51.434444444444,5.4841666666667,Kos,Q187027,36.815277777778,27.110277777778,2354.343216879481
2699,Florence - Palermo,20072,Florence,Q2044,43.771388888889,11.254166666667,Palermo,Q2656,38.115658,13.361262,653.2527763726445
2700,Trapani - Pantelleria,20037,Trapani,Q13664,38.0175,12.515,Pantelleria,Q481758,36.7875,11.9925,144.3466009124923
2701,Gdańsk - Tromsø,20016,Gdańsk,Q1792,54.366666666667,18.633333333333,Tromsø,Q26087,69.666667,18.933333,1701.3520841804848
2702,"Doncaster - San Bartolomé, Las Palmas",19988,Doncaster,Q58900,53.5227777777778,-1.1325,"San Bartolomé, Las Palmas",Q962773,29.0016342148498,-13.6139314665816,2909.5399313248004
2703,Frankfurt - Pula,19983,Frankfurt,Q1794,50.113611111111,8.6797222222222,Pula,Q4656,44.866666666667,13.833333333333,699.8600769328356
2704,Madrid - Craiova,19975,Madrid,Q2807,40.418888888889,-3.6919444444444,Craiova,Q168057,44.333333333333,23.816666666667,2289.8979908872766
2705,Copenhagen - Salzburg,19932,Copenhagen,Q1748,55.676111111111,12.568888888889,Salzburg,Q34713,47.7972,13.04768,876.7107713107325
2706,London - Brest,19923,London,Q84,51.507222222222,-0.1275,Brest,Q12193,48.39,-4.4869444444444,466.14179780802954
2707,Tenerife - Exeter,19898,Tenerife,Q40846,28.268611111111,-16.605555555556,Exeter,Q134672,50.721538888889,-3.5331083333333,2727.620601370718
2708,Frankfurt - Varna,19872,Frankfurt,Q1794,50.113611111111,8.6797222222222,Varna,Q6506,43.211375,27.91108,1649.476942853276
2709,Trieste - Naples,19861,Trieste,Q546,45.6502777777778,13.7702777777778,Naples,Q2634,40.833333333333,14.25,537.0253118333585
2710,Brussels - Zadar,19846,Brussels,Q239,50.8466666666667,4.35166666666667,Zadar,Q3370,44.116666666667,15.216666666667,1105.4782451819028
2711,"Cardiff - San Bartolomé, Las Palmas",19829,Cardiff,Q10690,51.48,-3.18,"San Bartolomé, Las Palmas",Q962773,29.0016342148498,-13.6139314665816,2645.536239701735
2712,Sandefjord - Gran Canaria,19826,Sandefjord,Q109005,59.12881,10.21971,Gran Canaria,Q178925,27.958611111111,-15.5925,3987.859621531833
2713,Girona - Leeds,19812,Girona,Q7038,41.983333333333,2.8166666666667,Leeds,Q39121,53.799722222222,-1.5491666666667,1352.986227597673
2714,Kraków - Doncaster,19779,Kraków,Q31487,50.061388888889,19.937222222222,Doncaster,Q58900,53.5227777777778,-1.1325,1493.1991155003225
2715,Warsaw - Chania,19741,Warsaw,Q270,52.216666666667,21.033333333333,Chania,Q182299,35.516666666667,24.016666666667,1871.8843105438966
2716,Dortmund - Debrecen,19738,Dortmund,Q1295,51.513888888889,7.4652777777778,Debrecen,Q79880,47.53,21.639166666667,1112.5432419856024
2717,Skopje - Venice,19738,Skopje,Q384,41.983333333333,21.433333333333,Venice,Q641,45.439722222222,12.331944444444,825.6476120408661
2718,Girona - Tyne and Wear,19727,Girona,Q7038,41.983333333333,2.8166666666667,Tyne and Wear,Q23080,54.974,-1.6132,1480.1877498841732
2719,Dublin - Santander,19726,Dublin,Q1761,53.3497222222222,-6.26027777777778,Santander,Q12233,43.466666666667,-3.8,1113.6730449528625
2720,Brussels - Timiș County,19726,Brussels,Q239,50.8466666666667,4.35166666666667,Timiș County,Q185586,45.78,21.35,1373.3783712412237
2721,Rome - Lampedusa,19691,Rome,Q220,41.893055555556,12.482777777778,Lampedusa,Q107338,35.516666666667,12.583333333333,709.0767344472799
2722,Athens - Bratislava,19686,Athens,Q1524,37.9841666666667,23.7280555555556,Bratislava,Q1780,48.144722222222,17.112777777778,1249.9481833789616
2723,Cologne - Craiova,19674,Cologne,Q365,50.942222222222,6.9577777777778,Craiova,Q168057,44.333333333333,23.816666666667,1456.4157748381806
2724,Malta - Skopje,19592,Malta,Q233,35.883333333333,14.5,Skopje,Q384,41.983333333333,21.433333333333,904.7357792680656
2725,Berlin - Ljubljana,19584,Berlin,Q64,52.516666666667,13.383333333333,Ljubljana,Q437,46.05,14.516666666667,723.7203152481974
2726,Cagliari - Kleve,19582,Cagliari,Q1897,39.216666666667,9.1166666666667,Kleve,Q6246,51.666666666667,6.25,1402.0385784534196
2727,Lyon - Porto-Vecchio,19550,Lyon,Q456,45.758888888889,4.8413888888889,Porto-Vecchio,Q241567,41.590833333333,9.2797222222222,584.7856487550745
2728,Łódź - Dublin,19546,Łódź,Q580,51.776944444444,19.454722222222,Dublin,Q1761,53.3497222222222,-6.26027777777778,1737.411664033568
2729,Budapest - Podgorica,19533,Budapest,Q1781,47.498333333333,19.040833333333,Podgorica,Q23564,42.439722222222,19.266111111111,562.7711709291701
2730,Skopje - Milan,19526,Skopje,Q384,41.983333333333,21.433333333333,Milan,Q490,45.466944444444,9.19,1055.9819837433336
2731,Düsseldorf - La Palma,19482,Düsseldorf,Q1718,51.231144444444,6.7723805555556,La Palma,Q201689,28.666666666667,-17.866666666667,3240.3331281296205
2732,Stockholm - Kristianstad,19470,Stockholm,Q1754,59.329444444444,18.068611111111,Kristianstad,Q26937,56.020638039461,14.125652290656,436.10209778172305
2733,Budapest - Târgu Mureș,19470,Budapest,Q1781,47.498333333333,19.040833333333,Târgu Mureș,Q186349,46.549722222222,24.559722222222,431.32467521203324
2734,London - Târgu Mureș,19468,London,Q84,51.507222222222,-0.1275,Târgu Mureș,Q186349,46.549722222222,24.559722222222,1872.1227353607387
2735,Malmö - Niš,19445,Malmö,Q2211,55.593188589918,13.021423031021,Niš,Q129259,43.319166666667,21.896111111111,1505.2114859554335
2736,Rzeszów - Manchester,19436,Rzeszów,Q598,50.05,22,Manchester,Q18125,53.466666666667,-2.2333333333333,1701.7181264584074
2737,Łódź - Nottingham,19418,Łódź,Q580,51.776944444444,19.454722222222,Nottingham,Q41262,52.955,-1.1491666666667,1400.1984195471393
2738,Cagliari - Girona,19413,Cagliari,Q1897,39.216666666667,9.1166666666667,Girona,Q7038,41.983333333333,2.8166666666667,614.2101112326098
2739,Stockholm - Bucharest,19411,Stockholm,Q1754,59.329444444444,18.068611111111,Bucharest,Q19660,44.4,26.083333333333,1745.9470626804061
2740,Paris - Skopje,19340,Paris,Q90,48.856944444444,2.3513888888889,Skopje,Q384,41.983333333333,21.433333333333,1667.603800389974
2741,Rotterdam - Tenerife,19333,Rotterdam,Q34370,51.9225,4.47917,Tenerife,Q40846,28.268611111111,-16.605555555556,3158.3237226349625
2742,Kraków - Limerick,19310,Kraków,Q31487,50.061388888889,19.937222222222,Limerick,Q133315,52.6653,-8.6238,1990.5070104358654
2743,Poznań - Heraklion,19308,Poznań,Q268,52.4083333333333,16.9336111111111,Heraklion,Q160544,35.3402777777778,25.1344444444444,2005.3903873067568
2744,Bristol - Kefalonia,19305,Bristol,Q23154,51.45,-2.5833333333333,Kefalonia,Q178488,38.265,20.5525,2322.509652372847
2745,Paris - Timiș County,19236,Paris,Q90,48.856944444444,2.3513888888889,Timiș County,Q185586,45.78,21.35,1468.2269177605806
2746,Frankfurt - La Palma,19202,Frankfurt,Q1794,50.113611111111,8.6797222222222,La Palma,Q201689,28.666666666667,-17.866666666667,3266.2455935890807
2747,Birmingham - Limerick,19199,Birmingham,Q2256,52.48,-1.9025,Limerick,Q133315,52.6653,-8.6238,454.5230024899691
2748,Amsterdam - Karpathos,19189,Amsterdam,Q727,52.383333333333,4.9,Karpathos,Q11874075,35.583333,27.133333,2558.9936768578723
2749,Vienna - Sibiu,19180,Vienna,Q1741,48.20833,16.373064,Sibiu,Q83324,45.8,24.15,647.2761350477672
2750,Belfast - Aberdeen,19162,Belfast,Q10686,54.596388888889,-5.93,Aberdeen,Q36405,57.15,-2.1,370.98258651851717
2751,Brussels - Porto-Vecchio,19147,Brussels,Q239,50.8466666666667,4.35166666666667,Porto-Vecchio,Q241567,41.590833333333,9.2797222222222,1096.18909288308
2752,Manchester - Connacht,19139,Manchester,Q18125,53.466666666667,-2.2333333333333,Connacht,Q164421,53.78,-9.05,450.72415656393184
2753,Wrocław - Limerick,19123,Wrocław,Q1799,51.11,17.0325,Limerick,Q133315,52.6653,-8.6238,1759.8358304137948
2754,Szczecin - Dublin,19113,Szczecin,Q393,53.424722222222,14.555277777778,Dublin,Q1761,53.3497222222222,-6.26027777777778,1375.5448042807209
2755,Pisa - Rotterdam,19108,Pisa,Q13375,43.716666666667,10.4,Rotterdam,Q34370,51.9225,4.47917,1013.0833675777737
2756,Bologna - Bacău,19089,Bologna,Q1891,44.493888888889,11.342777777778,Bacău,Q10737004,46.583333333333,26.916666666667,1232.8650515476068
2757,Kraków - Bournemouth,19074,Kraków,Q31487,50.061388888889,19.937222222222,Bournemouth,Q170478,50.72,-1.88,1542.7944256153407
2758,Poznań - Edinburgh,19069,Poznań,Q268,52.4083333333333,16.9336111111111,Edinburgh,Q23436,55.95,-3.1988888888889,1362.4675875512353
2759,Aalborg - Gran Canaria,19060,Aalborg,Q25410,57.05,9.9166666666667,Gran Canaria,Q178925,27.958611111111,-15.5925,3803.653276206789
2760,Paris - Poznań,19039,Paris,Q90,48.856944444444,2.3513888888889,Poznań,Q268,52.4083333333333,16.9336111111111,1099.299453659159
2761,Brussels - Biarritz,19023,Brussels,Q239,50.8466666666667,4.35166666666667,Biarritz,Q132790,43.480555555556,-1.5572222222222,932.2650755492434
2762,Malmö - Gran Canaria,18973,Malmö,Q2211,55.593188589918,13.021423031021,Gran Canaria,Q178925,27.958611111111,-15.5925,3826.7823402439394
2763,Bari - Timiș County,18941,Bari,Q3519,41.125277777778,16.866666666667,Timiș County,Q185586,45.78,21.35,631.3206421854143
2764,"Exeter - San Bartolomé, Las Palmas",18909,Exeter,Q134672,50.721538888889,-3.5331083333333,"San Bartolomé, Las Palmas",Q962773,29.0016342148498,-13.6139314665816,2558.2857380230307
2765,Mallorca - Aalborg,18855,Mallorca,Q8828,39.616666666667,2.9833333333333,Aalborg,Q25410,57.05,9.9166666666667,2002.6301086651442
2766,London - Podgorica,18760,London,Q84,51.507222222222,-0.1275,Podgorica,Q23564,42.439722222222,19.266111111111,1774.983372040163
2767,Warsaw - Lublin,18758,Warsaw,Q270,52.216666666667,21.033333333333,Lublin,Q37333,51.233333333333,22.566666666667,152.0125940037501
2768,Poznań - Liverpool,18743,Poznań,Q268,52.4083333333333,16.9336111111111,Liverpool,Q24826,53.4075,-2.99194444444444,1336.4591742611794
2769,Alicante - Exeter,18704,Alicante,Q11959,38.345277777778,-0.48305555555556,Exeter,Q134672,50.721538888889,-3.5331083333333,1396.9330429928252
2770,Szczecin - Liverpool,18691,Szczecin,Q393,53.424722222222,14.555277777778,Liverpool,Q24826,53.4075,-2.99194444444444,1159.9563758063596
2771,Lille - Mallorca,18689,Lille,Q648,50.631944444444,3.0575,Mallorca,Q8828,39.616666666667,2.9833333333333,1224.85857672337
2772,Bristol - Kaunas,18621,Bristol,Q23154,51.45,-2.5833333333333,Kaunas,Q4115712,54.9,23.933333333333,1796.8317967726566
2773,Trieste - Valencia,18607,Trieste,Q546,45.6502777777778,13.7702777777778,Valencia,Q8818,39.47,-0.376388888888889,1344.2521406495166
2774,Memmingen - Bucharest,18559,Memmingen,Q14825,47.987777777778,10.181111111111,Bucharest,Q19660,44.4,26.083333333333,1284.6282023743306
2775,Bologna - Timiș County,18505,Bologna,Q1891,44.493888888889,11.342777777778,Timiș County,Q185586,45.78,21.35,797.3149059090682
2776,Venice - Santorini,18458,Venice,Q641,45.439722222222,12.331944444444,Santorini,Q129296,36.416666666667,25.433333333333,1485.8266062726668
2777,Munich - Rostock,18427,Munich,Q1726,48.1375,11.575,Rostock,Q2861,54.083333333333,12.133333333333,662.2897105085403
2778,Bratislava - Edinburgh,18418,Bratislava,Q1780,48.144722222222,17.112777777778,Edinburgh,Q23436,55.95,-3.1988888888889,1628.6275445662234
2779,Vienna - Iași,18403,Vienna,Q1741,48.20833,16.373064,Iași,Q46852,47.162222222222,27.588888888889,846.820342556514
2780,Brussels - Podgorica,18401,Brussels,Q239,50.8466666666667,4.35166666666667,Podgorica,Q23564,42.439722222222,19.266111111111,1468.3899990797865
2781,Stockholm - Trollhättan,18400,Stockholm,Q1754,59.329444444444,18.068611111111,Trollhättan,Q54339,58.282777777778,12.289166666667,352.47258329724923
2782,Berlin - Podgorica,18383,Berlin,Q64,52.516666666667,13.383333333333,Podgorica,Q23564,42.439722222222,19.266111111111,1203.5775929812773
2783,Budapest - Santander,18350,Budapest,Q1781,47.498333333333,19.040833333333,Santander,Q12233,43.466666666667,-3.8,1828.9608991179234
2784,Genoa - Frankfurt,18287,Genoa,Q1449,44.407186111111,8.9339833333333,Frankfurt,Q1794,50.113611111111,8.6797222222222,634.8154679495251
2785,Pescara - Bucharest,18271,Pescara,Q2704,42.464277777778,14.214188888889,Bucharest,Q19660,44.4,26.083333333333,981.3341117238889
2786,Innsbruck - Manchester,18251,Innsbruck,Q1735,47.268333333333,11.393333333333,Manchester,Q18125,53.466666666667,-2.2333333333333,1183.909511873505
2787,Brussels - Béziers,18227,Brussels,Q239,50.8466666666667,4.35166666666667,Béziers,Q174019,43.343333333333,3.2161111111111,838.7222579665927
2788,Karlsruhe - Porto,18203,Karlsruhe,Q1040,49.016666666667,8.4,Porto,Q36433,41.149472222222,-8.6107777777778,1590.9549494936957
2789,Brussels - Comiso,18172,Brussels,Q239,50.8466666666667,4.35166666666667,Comiso,Q34072,36.95,14.6,1746.0351093115737
2790,Praia da Vitória - Santa Cruz da Graciosa,18141,Praia da Vitória,Q73046,38.733333333333,-27.066666666667,Santa Cruz da Graciosa,Q1010463,39.083333333333,-28.016666666667,90.94726462789714
2791,"Bournemouth - San Bartolomé, Las Palmas",18136,Bournemouth,Q170478,50.72,-1.88,"San Bartolomé, Las Palmas",Q962773,29.0016342148498,-13.6139314665816,2606.96606308861
2792,Lisbon - Lajes do Pico,18133,Lisbon,Q597,38.708042,-9.139016,Lajes do Pico,Q1019053,38.4,-28.25,1659.1682550868543
2793,Szczecin - Kraków,18131,Szczecin,Q393,53.424722222222,14.555277777778,Kraków,Q31487,50.061388888889,19.937222222222,526.1956903287341
2794,London - Derry,18125,London,Q84,51.507222222222,-0.1275,Derry,Q163584,54.991666666667,-7.3416666666667,616.3140832473376
2795,Bremen - Porto,18089,Bremen,Q24879,53.076944444444,8.8088888888889,Porto,Q36433,41.149472222222,-8.6107777777778,1860.4715261784993
2796,Bergen - Kaunas,18078,Bergen,Q26793,60.3925,5.3233333333333,Kaunas,Q4115712,54.9,23.933333333333,1258.451794676605
2797,Bologna - Iași,18075,Bologna,Q1891,44.493888888889,11.342777777778,Iași,Q46852,47.162222222222,27.588888888889,1290.6995419265936
2798,Warsaw - Varna,18070,Warsaw,Q270,52.216666666667,21.033333333333,Varna,Q6506,43.211375,27.91108,1124.6178240758911
2799,Varna - Eindhoven,17977,Varna,Q6506,43.211375,27.91108,Eindhoven,Q9832,51.434444444444,5.4841666666667,1910.9258762938043
2800,Karlsruhe - Thessaloniki,17973,Karlsruhe,Q1040,49.016666666667,8.4,Thessaloniki,Q17151,40.6402777777778,22.9355555555556,1472.6642140523045
2801,Bologna - Craiova,17966,Bologna,Q1891,44.493888888889,11.342777777778,Craiova,Q168057,44.333333333333,23.816666666667,989.967663105919
2802,Granada - Gran Canaria,17951,Granada,Q8810,37.178055555556,-3.6008333333333,Gran Canaria,Q178925,27.958611111111,-15.5925,1518.6562605598572
2803,Malta - Bratislava,17947,Malta,Q233,35.883333333333,14.5,Bratislava,Q1780,48.144722222222,17.112777777778,1380.164836809778
2804,Manchester - Salzburg,17946,Manchester,Q18125,53.466666666667,-2.2333333333333,Salzburg,Q34713,47.7972,13.04768,1244.8929685436558
2805,Girona - Kraków,17937,Girona,Q7038,41.983333333333,2.8166666666667,Kraków,Q31487,50.061388888889,19.937222222222,1592.2572057881507
2806,Dortmund - Varna,17918,Dortmund,Q1295,51.513888888889,7.4652777777778,Varna,Q6506,43.211375,27.91108,1786.4068550218572
2807,Liverpool - Iași,17905,Liverpool,Q24826,53.4075,-2.99194444444444,Iași,Q46852,47.162222222222,27.588888888889,2260.897610959041
2808,Amsterdam - Santorini,17905,Amsterdam,Q727,52.383333333333,4.9,Santorini,Q129296,36.416666666667,25.433333333333,2394.1918243623277
2809,Memmingen - Suceava,17885,Memmingen,Q14825,47.987777777778,10.181111111111,Suceava,Q46400,47.651388888889,26.255555555556,1198.588228805698
2810,Memmingen - Tenerife,17779,Memmingen,Q14825,47.987777777778,10.181111111111,Tenerife,Q40846,28.268611111111,-16.605555555556,3178.590401517241
2811,Bratislava - Leeds,17774,Bratislava,Q1780,48.144722222222,17.112777777778,Leeds,Q39121,53.799722222222,-1.5491666666667,1444.3066093637658
2812,Tallinn - Kleve,17770,Tallinn,Q1770,59.437222222222,24.745,Kleve,Q6246,51.666666666667,6.25,1441.040312002785
2813,Karlsruhe - Belgrade,17764,Karlsruhe,Q1040,49.016666666667,8.4,Belgrade,Q3711,44.816666666667,20.466666666667,1027.0132014972314
2814,Porto - Clermont-Ferrand,17750,Porto,Q36433,41.149472222222,-8.6107777777778,Clermont-Ferrand,Q42168,45.779722222222,3.0869444444444,1073.8193770627001
2815,Frankfurt - Paderborn,17736,Frankfurt,Q1794,50.113611111111,8.6797222222222,Paderborn,Q2971,51.7166666666667,8.76666666666667,178.35606923850696
2816,Cayenne - Maripasoula,17727,Cayenne,Q44401,4.9386111111111,-52.335,Maripasoula,Q846239,3.6411111111111,-54.027777777778,236.7396800196972
2817,Vilnius - Bremen,17725,Vilnius,Q216,54.683333333333,25.283333333333,Bremen,Q24879,53.076944444444,8.8088888888889,1091.8908698268626
2818,Bilbao - Granada,17654,Bilbao,Q8692,43.262222222222,-2.9533333333333,Granada,Q8810,37.178055555556,-3.6008333333333,678.752988168694
2819,Carcassonne - Manchester,17599,Carcassonne,Q6582,43.215833333333,2.3513888888889,Manchester,Q18125,53.466666666667,-2.2333333333333,1188.5125238736746
2820,Milan - Vitoria-Gasteiz,17593,Milan,Q490,45.466944444444,9.19,Vitoria-Gasteiz,Q14318,42.846666666667,-2.6730555555556,989.1277004776924
2821,Porto - Châlons-en-Champagne,17583,Porto,Q36433,41.149472222222,-8.6107777777778,Châlons-en-Champagne,Q47135,48.956666666667,4.3644444444444,1335.6030696862983
2822,Bari - Kleve,17579,Bari,Q3519,41.125277777778,16.866666666667,Kleve,Q6246,51.666666666667,6.25,1423.9897642678698
2823,Eindhoven - Iași,17549,Eindhoven,Q9832,51.434444444444,5.4841666666667,Iași,Q46852,47.162222222222,27.588888888889,1664.4779066451342
2824,Stuttgart - Varna,17531,Stuttgart,Q1022,48.776111111111,9.1775,Varna,Q6506,43.211375,27.91108,1568.6388823353943
2825,Rzeszów - Bristol,17526,Rzeszów,Q598,50.05,22,Bristol,Q23154,51.45,-2.5833333333333,1728.3145975121506
2826,Toulouse - Brest,17501,Toulouse,Q7880,43.604444444444,1.4438888888889,Brest,Q12193,48.39,-4.4869444444444,701.7404503345258
2827,Barcelona - Debrecen,17495,Barcelona,Q1492,41.3825,2.1769444444444,Debrecen,Q79880,47.53,21.639166666667,1683.2076985316119
2828,Wrocław - Doncaster,17494,Wrocław,Q1799,51.11,17.0325,Doncaster,Q58900,53.5227777777778,-1.1325,1259.8407809386958
2829,Paderborn - Heraklion,17437,Paderborn,Q2971,51.7166666666667,8.76666666666667,Heraklion,Q160544,35.3402777777778,25.1344444444444,2237.7269736674443
2830,Skopje - Budapest,17418,Skopje,Q384,41.983333333333,21.433333333333,Budapest,Q1781,47.498333333333,19.040833333333,641.6076077699996
2831,Kleve - Valencia,17416,Kleve,Q6246,51.666666666667,6.25,Valencia,Q8818,39.47,-0.376388888888889,1449.506310940138
2832,London - Tivat,17397,London,Q84,51.507222222222,-0.1275,Tivat,Q223469,42.43,18.7,1740.952086823783
2833,Karlsruhe - Bari,17396,Karlsruhe,Q1040,49.016666666667,8.4,Bari,Q3519,41.125277777778,16.866666666667,1099.4696225965565
2834,Bologna - Kaunas,17385,Bologna,Q1891,44.493888888889,11.342777777778,Kaunas,Q4115712,54.9,23.933333333333,1464.7050535988276
2835,Bratislava - Paphos District,17379,Bratislava,Q1780,48.144722222222,17.112777777778,Paphos District,Q59133,34.77682,32.419736,1951.285845530137
2836,Seville - Vitoria-Gasteiz,17365,Seville,Q8717,37.383333333333,-5.9833333333333,Vitoria-Gasteiz,Q14318,42.846666666667,-2.6730555555556,669.3980269820711
2837,Valencia - Timiș County,17351,Valencia,Q8818,39.47,-0.376388888888889,Timiș County,Q185586,45.78,21.35,1903.5198082524605
2838,Alicante - Newquay,17339,Alicante,Q11959,38.345277777778,-0.48305555555556,Newquay,Q943517,50.412,-5.0757,1389.819560705009
2839,London - Exeter,17307,London,Q84,51.507222222222,-0.1275,Exeter,Q134672,50.721538888889,-3.5331083333333,253.2425308715499
2840,Dublin - Tarbes,17286,Dublin,Q1761,53.3497222222222,-6.26027777777778,Tarbes,Q184023,43.232777777778,0.074444444444444,1217.5018984742799
2841,Paris - Craiova,17273,Paris,Q90,48.856944444444,2.3513888888889,Craiova,Q168057,44.333333333333,23.816666666667,1708.866510839296
2842,Milan - Podgorica,17268,Milan,Q490,45.466944444444,9.19,Podgorica,Q23564,42.439722222222,19.266111111111,873.2220470493836
2843,Hamburg - Jerez de la Frontera,17242,Hamburg,Q1055,53.55,10,Jerez de la Frontera,Q12303,36.7,-6.1166666666667,2248.8606466588362
2844,Frankfurt - Cagliari,17242,Frankfurt,Q1794,50.113611111111,8.6797222222222,Cagliari,Q1897,39.216666666667,9.1166666666667,1212.1736316376882
2845,Tyne and Wear - Zakynthos,17242,Tyne and Wear,Q23080,54.974,-1.6132,Zakynthos,Q144880,37.8,20.75,2544.4190380326572
2846,Glasgow - Exeter,17236,Glasgow,Q4093,55.8611111111111,-4.25,Exeter,Q134672,50.721538888889,-3.5331083333333,573.4697156649585
2847,Santander - Edinburgh,17224,Santander,Q12233,43.466666666667,-3.8,Edinburgh,Q23436,55.95,-3.1988888888889,1388.7445282339656
2848,Pula - Manchester,17224,Pula,Q4656,44.866666666667,13.833333333333,Manchester,Q18125,53.466666666667,-2.2333333333333,1503.6778696202152
2849,Brussels - Bacău,17213,Brussels,Q239,50.8466666666667,4.35166666666667,Bacău,Q10737004,46.583333333333,26.916666666667,1714.4262056078785
2850,Brussels - Zaragoza,17208,Brussels,Q239,50.8466666666667,4.35166666666667,Zaragoza,Q10305,41.65,-0.88333333333333,1098.2968619951748
2851,London - Oviedo,17200,London,Q84,51.507222222222,-0.1275,Oviedo,Q14317,43.3625,-5.8502777777778,1001.988312105352
2852,Groningen - Gran Canaria,17174,Groningen,Q749,53.2185277777778,6.567,Gran Canaria,Q178925,27.958611111111,-15.5925,3344.8708371145103
2853,Liège - Tenerife,17156,Liège,Q3992,50.6397222222222,5.57055555555556,Tenerife,Q40846,28.268611111111,-16.605555555556,3107.040782760319
2854,Bratislava - Rhodes,17143,Bratislava,Q1780,48.144722222222,17.112777777778,Rhodes,Q43048,36.166666666667,28,1602.5328893924177
2855,Málaga - Memmingen,17131,Málaga,Q8851,36.716666666667,-4.4166666666667,Memmingen,Q14825,47.987777777778,10.181111111111,1729.1417816185171
2856,Bremen - Faro,17118,Bremen,Q24879,53.076944444444,8.8088888888889,Faro,Q159457,37.0161111111111,-7.935,2206.348328451485
2857,Madrid - Timiș County,17115,Madrid,Q2807,40.418888888889,-3.6919444444444,Timiș County,Q185586,45.78,21.35,2108.870597241761
2858,Saint Barthélemy - Pointe-à-Pitre,17101,Saint Barthélemy,Q25362,17.897728,-62.8342438,Pointe-à-Pitre,Q335322,16.241111111111,-61.533055555556,230.34970975097312
2859,Karlsruhe - Seville,17012,Karlsruhe,Q1040,49.016666666667,8.4,Seville,Q8717,37.383333333333,-5.9833333333333,1735.564132708704
2860,Mallorca - Limerick,16986,Mallorca,Q8828,39.616666666667,2.9833333333333,Limerick,Q133315,52.6653,-8.6238,1699.6520060119044
2861,Barcelona - Timiș County,16975,Barcelona,Q1492,41.3825,2.1769444444444,Timiș County,Q185586,45.78,21.35,1615.313273242543
2862,Amsterdam - La Palma,16963,Amsterdam,Q727,52.383333333333,4.9,La Palma,Q201689,28.666666666667,-17.866666666667,3235.159467613595
2863,Girona - Nottingham,16955,Girona,Q7038,41.983333333333,2.8166666666667,Nottingham,Q41262,52.955,-1.1491666666667,1255.3841717061687
2864,Brussels - Craiova,16923,Brussels,Q239,50.8466666666667,4.35166666666667,Craiova,Q168057,44.333333333333,23.816666666667,1622.854695640987
2865,Sofia - Karlsruhe,16870,Sofia,Q472,42.697886,23.321726,Karlsruhe,Q1040,49.016666666667,8.4,1348.8649237702355
2866,Venice - Alghero,16832,Venice,Q641,45.439722222222,12.331944444444,Alghero,Q166282,40.56,8.315,633.1480660662367
2867,Poznań - Milan,16734,Poznań,Q268,52.4083333333333,16.9336111111111,Milan,Q490,45.466944444444,9.19,955.7435784128286
2868,Memmingen - Thessaloniki,16669,Memmingen,Q14825,47.987777777778,10.181111111111,Thessaloniki,Q17151,40.6402777777778,22.9355555555556,1299.8994533134016
2869,Berlin - Tralee,16664,Berlin,Q64,52.516666666667,13.383333333333,Tralee,Q213358,52.2675,-9.6962,1559.6773289184516
2870,Malmö - Kraków,16661,Malmö,Q2211,55.593188589918,13.021423031021,Kraków,Q31487,50.061388888889,19.937222222222,770.0949591070047
2871,Edinburgh - Norwich,16635,Edinburgh,Q23436,55.95,-3.1988888888889,Norwich,Q130191,52.628056,1.299167,470.6205492527244
2872,Tuzla Canton - Växjö,16624,Tuzla Canton,Q18250,44.55,18.6,Växjö,Q26152,56.889029924861,14.802795326212,1397.2896611567016
2873,Birmingham - Almería,16600,Birmingham,Q2256,52.48,-1.9025,Almería,Q10400,36.84,-2.4675,1739.6513404039354
2874,Hamburg - Saarbrücken,16599,Hamburg,Q1055,53.55,10,Saarbrücken,Q1724,49.233333333333,7,523.065952958687
2875,Granada - Manchester,16577,Granada,Q8810,37.178055555556,-3.6008333333333,Manchester,Q18125,53.466666666667,-2.2333333333333,1814.2797536768976
2876,Malta - Bournemouth,16572,Malta,Q233,35.883333333333,14.5,Bournemouth,Q170478,50.72,-1.88,2106.4043875544867
2877,Horta - Santa Cruz das Flores,16526,Horta,Q990385,38.533333333333,-28.633333333333,Santa Cruz das Flores,Q1003134,39.45,-31.116666666667,237.58442493022022
2878,Bratislava - Larnaca,16501,Bratislava,Q1780,48.144722222222,17.112777777778,Larnaca,Q171882,34.916666666667,33.633333333333,2005.1485693775928
2879,Brussels - Bastia,16495,Brussels,Q239,50.8466666666667,4.35166666666667,Bastia,Q134698,42.7,9.4494444444444,984.9612900030384
2880,Maastricht - Heraklion,16486,Maastricht,Q1309,50.866666666667,5.6833333333333,Heraklion,Q160544,35.3402777777778,25.1344444444444,2325.417210060411
2881,Berlin - Granada,16452,Berlin,Q64,52.516666666667,13.383333333333,Granada,Q8810,37.178055555556,-3.6008333333333,2156.9917305651434
2882,Dublin - Biarritz,16442,Dublin,Q1761,53.3497222222222,-6.26027777777778,Biarritz,Q132790,43.480555555556,-1.5572222222222,1150.3474312252742
2883,Poznań - Rhodes,16411,Poznań,Q268,52.4083333333333,16.9336111111111,Rhodes,Q43048,36.166666666667,28,2004.054704758905
2884,Bucharest - Sandefjord,16405,Bucharest,Q19660,44.4,26.083333333333,Sandefjord,Q109005,59.12881,10.21971,1957.3010709921284
2885,Faro - Connacht,16329,Faro,Q159457,37.0161111111111,-7.935,Connacht,Q164421,53.78,-9.05,1866.034603975072
2886,Cologne - Zadar,16316,Cologne,Q365,50.942222222222,6.9577777777778,Zadar,Q3370,44.116666666667,15.216666666667,978.817741009167
2887,Venice - Timiș County,16314,Venice,Q641,45.439722222222,12.331944444444,Timiș County,Q185586,45.78,21.35,702.119487140027
2888,Reykjavík - Ísafjörður,16297,Reykjavík,Q1764,64.1475,-21.935,Ísafjörður,Q106896,66.073777777778,-23.141719444444,221.50181641829914
2889,Dublin - Exeter,16265,Dublin,Q1761,53.3497222222222,-6.26027777777778,Exeter,Q134672,50.721538888889,-3.5331083333333,346.64865379556517
2890,Paris - Bratislava,16263,Paris,Q90,48.856944444444,2.3513888888889,Bratislava,Q1780,48.144722222222,17.112777777778,1088.7616195645894
2891,Dublin - Zadar,16243,Dublin,Q1761,53.3497222222222,-6.26027777777778,Zadar,Q3370,44.116666666667,15.216666666667,1868.782800488359
2892,Szczecin - Stavanger,16231,Szczecin,Q393,53.424722222222,14.555277777778,Stavanger,Q25416,58.97,5.71,823.0467856648927
2893,Varna - Larnaca,16225,Varna,Q6506,43.211375,27.91108,Larnaca,Q171882,34.916666666667,33.633333333333,1045.6666017511925
2894,Stuttgart - Pula,16217,Stuttgart,Q1022,48.776111111111,9.1775,Pula,Q4656,44.866666666667,13.833333333333,560.5511990933763
2895,Geneva - Bastia,16215,Geneva,Q71,46.2,6.15,Bastia,Q134698,42.7,9.4494444444444,469.00352135140395
2896,Barcelona - Iași,16207,Barcelona,Q1492,41.3825,2.1769444444444,Iași,Q46852,47.162222222222,27.588888888889,2111.961692631884
2897,Alicante - Southampton,16119,Alicante,Q11959,38.345277777778,-0.48305555555556,Southampton,Q79848,50.9066666666667,-1.40444444444444,1398.6369333468324
2898,Poznań - Alicante,16119,Poznań,Q268,52.4083333333333,16.9336111111111,Alicante,Q11959,38.345277777778,-0.48305555555556,2061.7137791615114
2899,Bucharest - Alghero,16117,Bucharest,Q19660,44.4,26.083333333333,Alghero,Q166282,40.56,8.315,1514.9259826232412
2900,A Coruña - Valencia,16082,A Coruña,Q8757,43.366666666667,-8.3833333333333009,Valencia,Q8818,39.47,-0.376388888888889,795.3739317731024
2901,Lille - Porto,16050,Lille,Q648,50.631944444444,3.0575,Porto,Q36433,41.149472222222,-8.6107777777778,1384.9289895854638
2902,Kleve - Edinburgh,16038,Kleve,Q6246,51.666666666667,6.25,Edinburgh,Q23436,55.95,-3.1988888888889,781.0268102051159
2903,Naples - Santorini,16013,Naples,Q2634,40.833333333333,14.25,Santorini,Q129296,36.416666666667,25.433333333333,1087.4206592617745
2904,Munich - Kalamata,16010,Munich,Q1726,48.1375,11.575,Kalamata,Q167895,37.0377777777778,22.1111111111111,1502.70866207684
2905,Bilbao - A Coruña,15994,Bilbao,Q8692,43.262222222222,-2.9533333333333,A Coruña,Q8757,43.366666666667,-8.3833333333333009,439.3929526465466
2906,Tours - Marseille,15989,Tours,Q288,47.392777777778,0.68833333333333,Marseille,Q23482,43.296666666667,5.3763888888889,584.3080546659347
2907,London - La Palma,15983,London,Q84,51.507222222222,-0.1275,La Palma,Q201689,28.666666666667,-17.866666666667,2936.831962635538
2908,Carcassonne - Porto,15927,Carcassonne,Q6582,43.215833333333,2.3513888888889,Porto,Q36433,41.149472222222,-8.6107777777778,931.2426557613497
2909,Szczecin - Bergen,15909,Szczecin,Q393,53.424722222222,14.555277777778,Bergen,Q26793,60.3925,5.3233333333333,954.3665309601415
2910,Bratislava - Bologna,15895,Bratislava,Q1780,48.144722222222,17.112777777778,Bologna,Q1891,44.493888888889,11.342777777778,600.6452504411541
2911,"Rotterdam - San Bartolomé, Las Palmas",15875,Rotterdam,Q34370,51.9225,4.47917,"San Bartolomé, Las Palmas",Q962773,29.0016342148498,-13.6139314665816,2954.6847905758336
2912,Athens - Skiathos,15847,Athens,Q1524,37.9841666666667,23.7280555555556,Skiathos,Q515085,39.166666666667,23.483333333333,133.1979073375474
2913,Brussels - Ajaccio,15773,Brussels,Q239,50.8466666666667,4.35166666666667,Ajaccio,Q40104,41.925555555556,8.7363888888889,1046.9605281759602
2914,Milan - Debrecen,15711,Milan,Q490,45.466944444444,9.19,Debrecen,Q79880,47.53,21.639166666667,978.9531317956196
2915,Geneva - Porto-Vecchio,15669,Geneva,Q71,46.2,6.15,Porto-Vecchio,Q241567,41.590833333333,9.2797222222222,570.4624591682689
2916,Karlsruhe - Cagliari,15633,Karlsruhe,Q1040,49.016666666667,8.4,Cagliari,Q1897,39.216666666667,9.1166666666667,1091.1987820554473
2917,Poznań - Chania,15600,Poznań,Q268,52.4083333333333,16.9336111111111,Chania,Q182299,35.516666666667,24.016666666667,1959.6473498972643
2918,Paderborn - Fuerteventura,15565,Paderborn,Q2971,51.7166666666667,8.76666666666667,Fuerteventura,Q192534,28.4325,-14.003056,3205.195279246783
2919,Bournemouth - Gran Canaria,15548,Bournemouth,Q170478,50.72,-1.88,Gran Canaria,Q178925,27.958611111111,-15.5925,2781.729041885609
2920,Warsaw - Skopje,15538,Warsaw,Q270,52.216666666667,21.033333333333,Skopje,Q384,41.983333333333,21.433333333333,1138.294470222264
2921,Girona - Belfast,15521,Girona,Q7038,41.983333333333,2.8166666666667,Belfast,Q10686,54.596388888889,-5.93,1541.8321226946214
2922,Helsinki - Umeå,15515,Helsinki,Q1757,60.17556,24.93417,Umeå,Q25579,63.828453583518,20.270566462023,473.27440283930946
2923,Guernsey - Exeter,15508,Guernsey,Q25230,49.45,-2.5833333333333,Exeter,Q134672,50.721538888889,-3.5331083333333,156.78551481559617
2924,Girona - Edinburgh,15484,Girona,Q7038,41.983333333333,2.8166666666667,Edinburgh,Q23436,55.95,-3.1988888888889,1612.4101451557212
2925,Catania - Lampedusa,15393,Catania,Q1903,37.502669444444,15.087269444444,Lampedusa,Q107338,35.516666666667,12.583333333333,314.3751922709417
2926,Berlin - Montpellier,15385,Berlin,Q64,52.516666666667,13.383333333333,Montpellier,Q6441,43.610919444444,3.8772305555556,1214.2043172549852
2927,Skopje - Barcelona,15369,Skopje,Q384,41.983333333333,21.433333333333,Barcelona,Q1492,41.3825,2.1769444444444,1597.1641406570598
2928,Bordeaux - Brest,15346,Bordeaux,Q1479,44.837777777778,-0.57944444444444,Brest,Q12193,48.39,-4.4869444444444,494.9265687470586
2929,Rome - Kleve,15334,Rome,Q220,41.893055555556,12.482777777778,Kleve,Q6246,51.666666666667,6.25,1184.8258617681638
2930,Dresden - Heraklion,15311,Dresden,Q1731,51.05,13.74,Heraklion,Q160544,35.3402777777778,25.1344444444444,1970.7257220013466
2931,Venice - Mykonos,15254,Venice,Q641,45.439722222222,12.331944444444,Mykonos,Q190210,37.45,25.333333333333,1398.2396174409898
2932,Liverpool - Bacău,15248,Liverpool,Q24826,53.4075,-2.99194444444444,Bacău,Q10737004,46.583333333333,26.916666666667,2248.7651169899345
2933,Nice - Calvi,15233,Nice,Q33959,43.701944444444,7.2683333333333,Calvi,Q202439,42.567777777778,8.7566666666667,174.607791165571
2934,Malta - Pescara,15225,Malta,Q233,35.883333333333,14.5,Pescara,Q2704,42.464277777778,14.214188888889,732.1820549942827
2935,Vienna - Niš,15211,Vienna,Q1741,48.20833,16.373064,Niš,Q129259,43.319166666667,21.896111111111,691.7903282061455
2936,Ljubljana - Helsinki,15209,Ljubljana,Q437,46.05,14.516666666667,Helsinki,Q1757,60.17556,24.93417,1712.9294312450374
2937,Pula - Bristol,15189,Pula,Q4656,44.866666666667,13.833333333333,Bristol,Q23154,51.45,-2.5833333333333,1416.0946982342589
2938,Warsaw - Kaunas,15171,Warsaw,Q270,52.216666666667,21.033333333333,Kaunas,Q4115712,54.9,23.933333333333,354.4967511754878
2939,Strasbourg - Porto,15166,Strasbourg,Q6602,48.573333333333,7.7522222222222,Porto,Q36433,41.149472222222,-8.6107777777778,1526.3786193550793
2940,Lille - Heraklion,15165,Lille,Q648,50.631944444444,3.0575,Heraklion,Q160544,35.3402777777778,25.1344444444444,2455.208605071696
2941,Gdańsk - Aarhus,15140,Gdańsk,Q1792,54.366666666667,18.633333333333,Aarhus,Q25319,56.156388888889,10.209722222222,569.1830554694012
2942,Dublin - Newquay,15093,Dublin,Q1761,53.3497222222222,-6.26027777777778,Newquay,Q943517,50.412,-5.0757,336.61498288856234
2943,Gothenburg - Visby,15076,Gothenburg,Q25287,57.671706102705,11.980966694056,Visby,Q54757,57.628997457133,18.307108945039,376.29118939664005
2944,Memmingen - Cluj-Napoca,15062,Memmingen,Q14825,47.987777777778,10.181111111111,Cluj-Napoca,Q100188,46.78,23.559444444444,1014.8310271694435
2945,Glasgow - Zakynthos,15013,Glasgow,Q4093,55.8611111111111,-4.25,Zakynthos,Q144880,37.8,20.75,2736.2594915964783
2946,Thessaloniki - Mykonos,14966,Thessaloniki,Q17151,40.6402777777778,22.9355555555556,Mykonos,Q190210,37.45,25.333333333333,410.713852041723
2947,Geneva - Mykonos,14962,Geneva,Q71,46.2,6.15,Mykonos,Q190210,37.45,25.333333333333,1856.3506445301273
2948,Bilbao - Jerez de la Frontera,14903,Bilbao,Q8692,43.262222222222,-2.9533333333333,Jerez de la Frontera,Q12303,36.7,-6.1166666666667,777.710694477857
2949,Frankfurt - Mykonos,14891,Frankfurt,Q1794,50.113611111111,8.6797222222222,Mykonos,Q190210,37.45,25.333333333333,1933.096151160653
2950,Berlin - Santander,14888,Berlin,Q64,52.516666666667,13.383333333333,Santander,Q12233,43.466666666667,-3.8,1620.1932818818323
2951,Stockholm - Wrocław,14886,Stockholm,Q1754,59.329444444444,18.068611111111,Wrocław,Q1799,51.11,17.0325,916.2924689371628
2952,Palermo - Ancona,14876,Palermo,Q2656,38.115658,13.361262,Ancona,Q3415,43.616666666667,13.516666666667,611.8244432181701
2953,Rotterdam - Gran Canaria,14876,Rotterdam,Q34370,51.9225,4.47917,Gran Canaria,Q178925,27.958611111111,-15.5925,3143.613665175971
2954,Mallorca - Bruges,14873,Mallorca,Q8828,39.616666666667,2.9833333333333,Bruges,Q12994,51.2088888888889,3.22416666666667,1289.1334836940089
2955,Manchester - Chambéry,14864,Manchester,Q18125,53.466666666667,-2.2333333333333,Chambéry,Q165090,45.566388888889,5.9208333333333,1055.9738006185107
2956,Zürich - Podgorica,14860,Zürich,Q72,47.378611111111,8.54,Podgorica,Q23564,42.439722222222,19.266111111111,1006.1366696199287
2957,Edinburgh - Limerick,14824,Edinburgh,Q23436,55.95,-3.1988888888889,Limerick,Q133315,52.6653,-8.6238,506.92404369303625
2958,Naples - Kaunas,14809,Naples,Q2634,40.833333333333,14.25,Kaunas,Q4115712,54.9,23.933333333333,1719.1172109635565
2959,Jersey - Doncaster,14808,Jersey,Q785,49.19,-2.11,Doncaster,Q58900,53.5227777777778,-1.1325,486.52861475156925
2960,Birmingham - Connacht,14805,Birmingham,Q2256,52.48,-1.9025,Connacht,Q164421,53.78,-9.05,498.0380940838801
2961,Riga - Girona,14768,Riga,Q1773,56.9475,24.106944444444,Girona,Q7038,41.983333333333,2.8166666666667,2247.5145386925133
2962,Liège - Alicante,14753,Liège,Q3992,50.6397222222222,5.57055555555556,Alicante,Q11959,38.345277777778,-0.48305555555556,1447.7284539575646
2963,Zagreb - Zadar,14710,Zagreb,Q1435,45.8130555555556,15.9772222222222,Zadar,Q3370,44.116666666667,15.216666666667,197.89060120418142
2964,Nantes - Santorini,14706,Nantes,Q12191,47.217222222222,-1.5538888888889,Santorini,Q129296,36.416666666667,25.433333333333,2520.351114840191
2965,Cologne - Iași,14697,Cologne,Q365,50.942222222222,6.9577777777778,Iași,Q46852,47.162222222222,27.588888888889,1555.326477678586
2966,Dublin - Doncaster,14693,Dublin,Q1761,53.3497222222222,-6.26027777777778,Doncaster,Q58900,53.5227777777778,-1.1325,340.1388447891918
2967,Barcelona - Mykonos,14690,Barcelona,Q1492,41.3825,2.1769444444444,Mykonos,Q190210,37.45,25.333333333333,2030.18762972343
2968,Seville - Villanubla,14680,Seville,Q8717,37.383333333333,-5.9833333333333,Villanubla,Q1651671,41.711388888889,-4.8447222222222,491.04679735122244
2969,Lisbon - Karlsruhe,14662,Lisbon,Q597,38.708042,-9.139016,Karlsruhe,Q1040,49.016666666667,8.4,1806.5416745383575
2970,Malmö - Mallorca,14620,Malmö,Q2211,55.593188589918,13.021423031021,Mallorca,Q8828,39.616666666667,2.9833333333333,1924.7363796866537
2971,Turin - Alghero,14608,Turin,Q495,45.066666666667,7.7,Alghero,Q166282,40.56,8.315,503.61931468163516
2972,Bordeaux - Porto-Vecchio,14605,Bordeaux,Q1479,44.837777777778,-0.57944444444444,Porto-Vecchio,Q241567,41.590833333333,9.2797222222222,875.9853973630395
2973,Kleve - Ibiza,14602,Kleve,Q6246,51.666666666667,6.25,Ibiza,Q52631,38.98,1.43,1459.3341507623516
2974,Bratislava - Madrid,14597,Bratislava,Q1780,48.144722222222,17.112777777778,Madrid,Q2807,40.418888888889,-3.6919444444444,1857.4658252119782
2975,Munich - Kavala,14567,Munich,Q1726,48.1375,11.575,Kavala,Q187352,40.93959,24.40687,1291.3108247989774
2976,Vigo - Valencia,14541,Vigo,Q8745,42.235833333333,-8.7266666666667,Valencia,Q8818,39.47,-0.376388888888889,766.2568314352715
2977,Frankfurt - Podgorica,14491,Frankfurt,Q1794,50.113611111111,8.6797222222222,Podgorica,Q23564,42.439722222222,19.266111111111,1176.8076645923866
2978,Oviedo - Gran Canaria,14400,Oviedo,Q14317,43.3625,-5.8502777777778,Gran Canaria,Q178925,27.958611111111,-15.5925,1922.4781378400542
2979,Oslo - Aalborg,14382,Oslo,Q585,59.911111111111,10.752777777778,Aalborg,Q25410,57.05,9.9166666666667,321.8260157725118
2980,Vigo - Tenerife,14374,Vigo,Q8745,42.235833333333,-8.7266666666667,Tenerife,Q40846,28.268611111111,-16.605555555556,1708.0106928010434
2981,Manchester - Kalamata,14360,Manchester,Q18125,53.466666666667,-2.2333333333333,Kalamata,Q167895,37.0377777777778,22.1111111111111,2615.3226343356014
2982,Genoa - Cagliari,14340,Genoa,Q1449,44.407186111111,8.9339833333333,Cagliari,Q1897,39.216666666667,9.1166666666667,577.3584245409861
2983,Vienna - Malmö,14336,Vienna,Q1741,48.20833,16.373064,Malmö,Q2211,55.593188589918,13.021423031021,852.492679708436
2984,Malta - Karlsruhe,14330,Malta,Q233,35.883333333333,14.5,Karlsruhe,Q1040,49.016666666667,8.4,1542.457594641403
2985,Girona - Billund,14324,Girona,Q7038,41.983333333333,2.8166666666667,Billund,Q1701099,55.730833333333,9.1152777777778,1594.9803999159583
2986,Poznań - Mallorca,14311,Poznań,Q268,52.4083333333333,16.9336111111111,Mallorca,Q8828,39.616666666667,2.9833333333333,1777.7427066765433
2987,Thessaloniki - Vathy,14306,Thessaloniki,Q17151,40.6402777777778,22.9355555555556,Vathy,Q853527,37.7475,26.9825,474.34146885725056
2988,Bodø - Mosjøen,14293,Bodø,Q39383,67.28267,14.37513,Mosjøen,Q851998,65.833333333333,13.2,169.32791982002246
2989,Oslo - Pula,14282,Oslo,Q585,59.911111111111,10.752777777778,Pula,Q4656,44.866666666667,13.833333333333,1685.4251801925795
2990,Budapest - Tampere,14254,Budapest,Q1781,47.498333333333,19.040833333333,Tampere,Q40840,61.4980555555556,23.76,1585.2276290204093
2991,Dublin - La Rochelle,14250,Dublin,Q1761,53.3497222222222,-6.26027777777778,La Rochelle,Q82185,46.159444444444,-1.1513888888889,879.1871871852962
2992,Bratislava - Heraklion,14239,Bratislava,Q1780,48.144722222222,17.112777777778,Heraklion,Q160544,35.3402777777778,25.1344444444444,1569.5656309962878
2993,Malta - Poznań,14217,Malta,Q233,35.883333333333,14.5,Poznań,Q268,52.4083333333333,16.9336111111111,1847.4576084892544
2994,Poznań - Athens,14193,Poznań,Q268,52.4083333333333,16.9336111111111,Athens,Q1524,37.9841666666667,23.7280555555556,1688.1007515278272
2995,Warsaw - Mallorca,14056,Warsaw,Q270,52.216666666667,21.033333333333,Mallorca,Q8828,39.616666666667,2.9833333333333,1967.5589325759504
2996,Catania - Iași,14049,Catania,Q1903,37.502669444444,15.087269444444,Iași,Q46852,47.162222222222,27.588888888889,1482.9320533401706
2997,Lille - Málaga,14047,Lille,Q648,50.631944444444,3.0575,Málaga,Q8851,36.716666666667,-4.4166666666667,1657.890046622326
2998,Warsaw - Porto,14030,Warsaw,Q270,52.216666666667,21.033333333333,Porto,Q36433,41.149472222222,-8.6107777777778,2549.0818635311
2999,Thessaloniki - Santorini,14027,Thessaloniki,Q17151,40.6402777777778,22.9355555555556,Santorini,Q129296,36.416666666667,25.433333333333,517.4072525128029
3000,Burgas - Košice,14026,Burgas,Q6509,42.502965,27.470179,Košice,Q25409,48.716666666667,21.25,842.8664723549327
3001,Warsaw - Leeds,14013,Warsaw,Q270,52.216666666667,21.033333333333,Leeds,Q39121,53.799722222222,-1.5491666666667,1514.6041452218687
3002,Wrocław - Varna,14010,Wrocław,Q1799,51.11,17.0325,Varna,Q6506,43.211375,27.91108,1200.8228840116733
3003,A Coruña - Mallorca,13973,A Coruña,Q8757,43.366666666667,-8.3833333333333009,Mallorca,Q8828,39.616666666667,2.9833333333333,1033.357196417946
3004,Bologna - Mykonos,13970,Bologna,Q1891,44.493888888889,11.342777777778,Mykonos,Q190210,37.45,25.333333333333,1408.7228162761783
3005,Warsaw - Valencia,13915,Warsaw,Q270,52.216666666667,21.033333333333,Valencia,Q8818,39.47,-0.376388888888889,2166.8442268512804
3006,Barcelona - Craiova,13899,Barcelona,Q1492,41.3825,2.1769444444444,Craiova,Q168057,44.333333333333,23.816666666667,1788.6397916277117
3007,Oslo - Sogndal,13895,Oslo,Q585,59.911111111111,10.752777777778,Sogndal,Q490923,61.229722,7.100556,247.56262670448172
3008,Dublin - Perpignan,13890,Dublin,Q1761,53.3497222222222,-6.26027777777778,Perpignan,Q6730,42.6975,2.8947222222222,1363.7099942517773
3009,Hamburg - Zadar,13846,Hamburg,Q1055,53.55,10,Zadar,Q3370,44.116666666667,15.216666666667,1115.5219158122388
3010,Leeds - Southampton,13829,Leeds,Q39121,53.799722222222,-1.5491666666667,Southampton,Q79848,50.9066666666667,-1.40444444444444,321.8435381400292
3011,Iași - Larnaca,13785,Iași,Q46852,47.162222222222,27.588888888889,Larnaca,Q171882,34.916666666667,33.633333333333,1451.8124835246608
3012,Bristol - Béziers,13771,Bristol,Q23154,51.45,-2.5833333333333,Béziers,Q174019,43.343333333333,3.2161111111111,1000.7892638010524
3013,Düsseldorf - Zadar,13766,Düsseldorf,Q1718,51.231144444444,6.7723805555556,Zadar,Q3370,44.116666666667,15.216666666667,1011.3372753245587
3014,Warsaw - Cagliari,13758,Warsaw,Q270,52.216666666667,21.033333333333,Cagliari,Q1897,39.216666666667,9.1166666666667,1711.328138282193
3015,Brussels - Toulon,13751,Brussels,Q239,50.8466666666667,4.35166666666667,Toulon,Q44160,43.125,5.9305555555556,866.8682798901121
3016,Bucharest - Suceava,13749,Bucharest,Q19660,44.4,26.083333333333,Suceava,Q46400,47.651388888889,26.255555555556,361.78267100824
3017,Kraków - Turku,13744,Kraków,Q31487,50.061388888889,19.937222222222,Turku,Q38511,60.451666666667,22.27,1164.5797333837422
3018,Edinburgh - Kaunas,13724,Edinburgh,Q23436,55.95,-3.1988888888889,Kaunas,Q4115712,54.9,23.933333333333,1705.0081830156341
3019,Stockholm - Salzburg,13721,Stockholm,Q1754,59.329444444444,18.068611111111,Salzburg,Q34713,47.7972,13.04768,1323.5771679259037
3020,Tromsø - Andenes,13721,Tromsø,Q26087,69.666667,18.933333,Andenes,Q167305,69.313888888889,16.118055555556,116.4714426017019
3021,Brussels - Reus,13718,Brussels,Q239,50.8466666666667,4.35166666666667,Reus,Q487096,41.15487,1.10871,1106.1192364938138
3022,Düsseldorf - Kavala,13710,Düsseldorf,Q1718,51.231144444444,6.7723805555556,Kavala,Q187352,40.93959,24.40687,1769.3437408054258
3023,Berlin - La Palma,13681,Berlin,Q64,52.516666666667,13.383333333333,La Palma,Q201689,28.666666666667,-17.866666666667,3687.3181883714274
3024,Groningen - Heraklion,13651,Groningen,Q749,53.2185277777778,6.567,Heraklion,Q160544,35.3402777777778,25.1344444444444,2461.4845849313497
3025,Warsaw - Naples,13635,Warsaw,Q270,52.216666666667,21.033333333333,Naples,Q2634,40.833333333333,14.25,1366.5601904860018
3026,Cardiff - Rhodes,13603,Cardiff,Q10690,51.48,-3.18,Rhodes,Q43048,36.166666666667,28,2990.168785921122
3027,Bristol - Limoges,13588,Bristol,Q23154,51.45,-2.5833333333333,Limoges,Q45656,45.834444444444,1.2616666666667,685.1157339166372
3028,London - Kleve,13515,London,Q84,51.507222222222,-0.1275,Kleve,Q6246,51.666666666667,6.25,440.8277063205058
3029,Berlin - Alghero,13511,Berlin,Q64,52.516666666667,13.383333333333,Alghero,Q166282,40.56,8.315,1384.0120463381882
3030,Zürich - Santorini,13499,Zürich,Q72,47.378611111111,8.54,Santorini,Q129296,36.416666666667,25.433333333333,1847.6993899997528
3031,Münster - Heraklion,13487,Münster,Q2742,51.9625,7.6255555555556,Heraklion,Q160544,35.3402777777778,25.1344444444444,2311.079613601906
3032,Dortmund - Niš,13477,Dortmund,Q1295,51.513888888889,7.4652777777778,Niš,Q129259,43.319166666667,21.896111111111,1413.058084951401
3033,Stockholm - Thessaloniki,13475,Stockholm,Q1754,59.329444444444,18.068611111111,Thessaloniki,Q17151,40.6402777777778,22.9355555555556,2105.715860606385
3034,Santander - Bucharest,13439,Santander,Q12233,43.466666666667,-3.8,Bucharest,Q19660,44.4,26.083333333333,2381.9051589216
3035,Milan - Santander,13433,Milan,Q490,45.466944444444,9.19,Santander,Q12233,43.466666666667,-3.8,1053.2850681281282
3036,Milan - Tarbes,13411,Milan,Q490,45.466944444444,9.19,Tarbes,Q184023,43.232777777778,0.074444444444444,765.6839425128559
3037,Edinburgh - Connacht,13388,Edinburgh,Q23436,55.95,-3.1988888888889,Connacht,Q164421,53.78,-9.05,445.2214265425909
3038,Riga - Tampere,13383,Riga,Q1773,56.9475,24.106944444444,Tampere,Q40840,61.4980555555556,23.76,506.3824983526299
3039,Bratislava - Mallorca,13364,Bratislava,Q1780,48.144722222222,17.112777777778,Mallorca,Q8828,39.616666666667,2.9833333333333,1472.9503123962777
3040,Seville - Memmingen,13321,Seville,Q8717,37.383333333333,-5.9833333333333,Memmingen,Q14825,47.987777777778,10.181111111111,1764.3828516131698
3041,Wrocław - Zakynthos,13312,Wrocław,Q1799,51.11,17.0325,Zakynthos,Q144880,37.8,20.75,1508.6216223072952
3042,Bratislava - Eindhoven,13306,Bratislava,Q1780,48.144722222222,17.112777777778,Eindhoven,Q9832,51.434444444444,5.4841666666667,910.1020109919921
3043,Bratislava - Málaga,13302,Bratislava,Q1780,48.144722222222,17.112777777778,Málaga,Q8851,36.716666666667,-4.4166666666667,2164.2082174084126
3044,Malta - Maastricht,13279,Malta,Q233,35.883333333333,14.5,Maastricht,Q1309,50.866666666667,5.6833333333333,1808.989713869182
3045,Dresden - Rhodes,13262,Dresden,Q1731,51.05,13.74,Rhodes,Q43048,36.166666666667,28,2006.5148860809084
3046,Warsaw - Thessaloniki,13252,Warsaw,Q270,52.216666666667,21.033333333333,Thessaloniki,Q17151,40.6402777777778,22.9355555555556,1295.3462965836568
3047,Milan - Niš,13231,Milan,Q490,45.466944444444,9.19,Niš,Q129259,43.319166666667,21.896111111111,1036.220523481902
3048,Mallorca - Norwich,13211,Mallorca,Q8828,39.616666666667,2.9833333333333,Norwich,Q130191,52.628056,1.299167,1452.5073397803787
3049,Dublin - Girona,13142,Dublin,Q1761,53.3497222222222,-6.26027777777778,Girona,Q7038,41.983333333333,2.8166666666667,1432.4404265609194
3050,Gdańsk - Växjö,13134,Gdańsk,Q1792,54.366666666667,18.633333333333,Växjö,Q26152,56.889029924861,14.802795326212,369.334010396734
3051,Milan - Kefalonia,13097,Milan,Q490,45.466944444444,9.19,Kefalonia,Q178488,38.265,20.5525,1233.4275085992806
3052,Grenoble - Manchester,13092,Grenoble,Q1289,45.186944444444,5.7263888888889,Manchester,Q18125,53.466666666667,-2.2333333333333,1084.9573389536936
3053,Paphos District - Mykonos,13089,Paphos District,Q59133,34.77682,32.419736,Mykonos,Q190210,37.45,25.333333333333,702.2818095534644
3054,Lille - Naples,13066,Lille,Q648,50.631944444444,3.0575,Naples,Q2634,40.833333333333,14.25,1390.2859198695635
3055,Ljubljana - Copenhagen,13051,Ljubljana,Q437,46.05,14.516666666667,Copenhagen,Q1748,55.676111111111,12.568888888889,1078.9571199124525
3056,Zadar - Manchester,13048,Zadar,Q3370,44.116666666667,15.216666666667,Manchester,Q18125,53.466666666667,-2.2333333333333,1640.1217829579011
3057,Stuttgart - Podgorica,13045,Stuttgart,Q1022,48.776111111111,9.1775,Podgorica,Q23564,42.439722222222,19.266111111111,1053.038666712013
3058,Frankfurt - Ponta Delgada,13030,Frankfurt,Q1794,50.113611111111,8.6797222222222,Ponta Delgada,Q208149,37.74,-25.67,3039.540321088158
3059,Tromsø - Hasvik,12961,Tromsø,Q26087,69.666667,18.933333,Hasvik,Q109841,70.591666666667,22.302777777778,163.6596648908447
3060,Berlin - Niš,12930,Berlin,Q64,52.516666666667,13.383333333333,Niš,Q129259,43.319166666667,21.896111111111,1201.6429186648434
3061,Copenhagen - Montpellier,12926,Copenhagen,Q1748,55.676111111111,12.568888888889,Montpellier,Q6441,43.610919444444,3.8772305555556,1477.704239524528
3062,Milan - Bremen,12923,Milan,Q490,45.466944444444,9.19,Bremen,Q24879,53.076944444444,8.8088888888889,846.6429908394805
3063,Aalborg - Chania,12884,Aalborg,Q25410,57.05,9.9166666666667,Chania,Q182299,35.516666666667,24.016666666667,2616.1808905350513
3064,Stuttgart - La Palma,12857,Stuttgart,Q1022,48.776111111111,9.1775,La Palma,Q201689,28.666666666667,-17.866666666667,3208.951958532664
3065,Manchester - Mykonos,12851,Manchester,Q18125,53.466666666667,-2.2333333333333,Mykonos,Q190210,37.45,25.333333333333,2761.401923646894
3066,Bologna - Lampedusa,12849,Bologna,Q1891,44.493888888889,11.342777777778,Lampedusa,Q107338,35.516666666667,12.583333333333,1003.7642488209527
3067,Brest - Porto,12844,Brest,Q12193,48.39,-4.4869444444444,Porto,Q36433,41.149472222222,-8.6107777777778,868.1028271682102
3068,London - Friedrichshafen,12830,London,Q84,51.507222222222,-0.1275,Friedrichshafen,Q4051,47.654166666667,9.4791666666667,813.4390954740687
3069,Malta - Cardiff,12828,Malta,Q233,35.883333333333,14.5,Cardiff,Q10690,51.48,-3.18,2230.365051819505
3070,Genoa - Barcelona,12818,Genoa,Q1449,44.407186111111,8.9339833333333,Barcelona,Q1492,41.3825,2.1769444444444,644.7394101754867
3071,Toulouse - Caen,12807,Toulouse,Q7880,43.604444444444,1.4438888888889,Caen,Q41185,49.182222222222,-0.37055555555556,635.5875560364434
3072,Düsseldorf - Southampton,12793,Düsseldorf,Q1718,51.231144444444,6.7723805555556,Southampton,Q79848,50.9066666666667,-1.40444444444444,572.1831443570345
3073,Geneva - Bournemouth,12791,Geneva,Q71,46.2,6.15,Bournemouth,Q170478,50.72,-1.88,775.8954526849589
3074,London - Tromsø,12785,London,Q84,51.507222222222,-0.1275,Tromsø,Q26087,69.666667,18.933333,2249.0569132057817
3075,Lisbon - Clermont-Ferrand,12771,Lisbon,Q597,38.708042,-9.139016,Clermont-Ferrand,Q42168,45.779722222222,3.0869444444444,1274.7368364328277
3076,Poznań - Cork,12699,Poznań,Q268,52.4083333333333,16.9336111111111,Cork,Q36647,51.9,-8.4730555555556,1725.2919935011998
3077,Warsaw - Seville,12686,Warsaw,Q270,52.216666666667,21.033333333333,Seville,Q8717,37.383333333333,-5.9833333333333,2668.623265267311
3078,Dublin - Salzburg,12684,Dublin,Q1761,53.3497222222222,-6.26027777777778,Salzburg,Q34713,47.7972,13.04768,1490.610609729344
3079,Poznań - Kos,12659,Poznań,Q268,52.4083333333333,16.9336111111111,Kos,Q187027,36.815277777778,27.110277777778,1907.5177259372251
3080,Catania - Pescara,12640,Catania,Q1903,37.502669444444,15.087269444444,Pescara,Q2704,42.464277777778,14.214188888889,556.6891236538972
3081,Helsinki - Preveza,12619,Helsinki,Q1757,60.17556,24.93417,Preveza,Q213898,38.95,20.75,2378.2535689622973
3082,London - Kristiansand,12610,London,Q84,51.507222222222,-0.1275,Kristiansand,Q2415,58.14672222,7.99561111,901.8581278026452
3083,Bodø - Sandnessjøen,12562,Bodø,Q39383,67.28267,14.37513,Sandnessjøen,Q1004686,66.016666666667,12.633333333333,160.32951857400997
3084,Bologna - Podgorica,12551,Bologna,Q1891,44.493888888889,11.342777777778,Podgorica,Q23564,42.439722222222,19.266111111111,678.6571861448039
3085,Vienna - Zakynthos,12550,Vienna,Q1741,48.20833,16.373064,Zakynthos,Q144880,37.8,20.75,1210.31501296981
3086,Genoa - Olbia,12545,Genoa,Q1449,44.407186111111,8.9339833333333,Olbia,Q13630,40.916666666667,9.5,390.8754024429283
3087,Mallorca - Graz,12537,Mallorca,Q8828,39.616666666667,2.9833333333333,Graz,Q13298,47.0708333333333,15.4386111111111,1301.6748065066804
3088,Brindisi - Memmingen,12536,Brindisi,Q13496,40.638333333333,17.945833333333,Memmingen,Q14825,47.987777777778,10.181111111111,1023.3332644491768
3089,"Oviedo - San Bartolomé, Las Palmas",12531,Oviedo,Q14317,43.3625,-5.8502777777778,"San Bartolomé, Las Palmas",Q962773,29.0016342148498,-13.6139314665816,1740.2785853418166
3090,Cardiff - Mahon,12530,Cardiff,Q10690,51.48,-3.18,Mahon,Q49550,39.889444444444,4.2641666666667,1410.835992461725
3091,Gdańsk - Kristiansand,12528,Gdańsk,Q1792,54.366666666667,18.633333333333,Kristiansand,Q2415,58.14672222,7.99561111,778.6645625976257
3092,Toulouse - Porto-Vecchio,12523,Toulouse,Q7880,43.604444444444,1.4438888888889,Porto-Vecchio,Q241567,41.590833333333,9.2797222222222,679.0218779618499
3093,Dublin - Memmingen,12512,Dublin,Q1761,53.3497222222222,-6.26027777777778,Memmingen,Q14825,47.987777777778,10.181111111111,1298.93740179448
3094,Manchester - Béziers,12510,Manchester,Q18125,53.466666666667,-2.2333333333333,Béziers,Q174019,43.343333333333,3.2161111111111,1194.506186644839
3095,Memmingen - Edinburgh,12496,Memmingen,Q14825,47.987777777778,10.181111111111,Edinburgh,Q23436,55.95,-3.1988888888889,1270.3092241809866
3096,Poznań - Copenhagen,12460,Poznań,Q268,52.4083333333333,16.9336111111111,Copenhagen,Q1748,55.676111111111,12.568888888889,461.59896676402633
3097,Alicante - Haugesund,12440,Alicante,Q11959,38.345277777778,-0.48305555555556,Haugesund,Q109036,59.41015,5.27551,2377.756219309333
3098,Rome - Zakynthos,12294,Rome,Q220,41.893055555556,12.482777777778,Zakynthos,Q144880,37.8,20.75,839.2046917885534
3099,Stockholm - Preveza,12275,Stockholm,Q1754,59.329444444444,18.068611111111,Preveza,Q213898,38.95,20.75,2274.027401472594
3100,Vienna - Mykonos,12231,Vienna,Q1741,48.20833,16.373064,Mykonos,Q190210,37.45,25.333333333333,1399.5936811179552
3101,Doncaster - Paphos District,12228,Doncaster,Q58900,53.5227777777778,-1.1325,Paphos District,Q59133,34.77682,32.419736,3341.381507619768
3102,Genoa - Manchester,12170,Genoa,Q1449,44.407186111111,8.9339833333333,Manchester,Q18125,53.466666666667,-2.2333333333333,1293.0885750413777
3103,Linz - Heraklion,12170,Linz,Q41329,48.3,14.283333333333,Heraklion,Q160544,35.3402777777778,25.1344444444444,1694.8068203946216
3104,Lille - Tenerife,12168,Lille,Q648,50.631944444444,3.0575,Tenerife,Q40846,28.268611111111,-16.605555555556,2985.2855493751026
3105,Thessaloniki - Kalamata,12135,Thessaloniki,Q17151,40.6402777777778,22.9355555555556,Kalamata,Q167895,37.0377777777778,22.1111111111111,406.8887522493262
3106,Glasgow - Cardiff,12135,Glasgow,Q4093,55.8611111111111,-4.25,Cardiff,Q10690,51.48,-3.18,492.21476002942444
3107,Friedrichshafen - Mallorca,12119,Friedrichshafen,Q4051,47.654166666667,9.4791666666667,Mallorca,Q8828,39.616666666667,2.9833333333333,1034.5170906349229
3108,Malta - Exeter,12115,Malta,Q233,35.883333333333,14.5,Exeter,Q134672,50.721538888889,-3.5331083333333,2190.813960979881
3109,Naples - Granada,12115,Naples,Q2634,40.833333333333,14.25,Granada,Q8810,37.178055555556,-3.6008333333333,1591.9501432204456
3110,Munich - Debrecen,12103,Munich,Q1726,48.1375,11.575,Debrecen,Q79880,47.53,21.639166666667,753.7102985085066
3111,Dublin - Lublin,12102,Dublin,Q1761,53.3497222222222,-6.26027777777778,Lublin,Q37333,51.233333333333,22.566666666667,1961.033933754946
3112,Warsaw - Tenerife,12101,Warsaw,Q270,52.216666666667,21.033333333333,Tenerife,Q40846,28.268611111111,-16.605555555556,4082.644786798085
3113,Dortmund - Târgu Mureș,12064,Dortmund,Q1295,51.513888888889,7.4652777777778,Târgu Mureș,Q186349,46.549722222222,24.559722222222,1358.8320888553023
3114,Milan - Varna,12058,Milan,Q490,45.466944444444,9.19,Varna,Q6506,43.211375,27.91108,1506.2630241103127
3115,Pisa - Trapani,12057,Pisa,Q13375,43.716666666667,10.4,Trapani,Q13664,38.0175,12.515,658.1368116264888
3116,Malta - Perugia,12020,Malta,Q233,35.883333333333,14.5,Perugia,Q3437,43.1121,12.3888,823.8816422163173
3117,Southampton - Alderney,12019,Southampton,Q79848,50.9066666666667,-1.40444444444444,Alderney,Q179313,49.714444444444,-2.2052777777778,144.24985704558986
3118,Cardiff - Paphos District,11989,Cardiff,Q10690,51.48,-3.18,Paphos District,Q59133,34.77682,32.419736,3384.272310540993
3119,Munich - Varna,11970,Munich,Q1726,48.1375,11.575,Varna,Q6506,43.211375,27.91108,1378.8819679127557
3120,Debrecen - Larnaca,11946,Debrecen,Q79880,47.53,21.639166666667,Larnaca,Q171882,34.916666666667,33.633333333333,1719.9804793304259
3121,Rennes - Madrid,11847,Rennes,Q647,48.114166666667,-1.6808333333333,Madrid,Q2807,40.418888888889,-3.6919444444444,870.446962848737
3122,Gdańsk - Bremen,11845,Gdańsk,Q1792,54.366666666667,18.633333333333,Bremen,Q24879,53.076944444444,8.8088888888889,661.5251543901056
3123,Naples - Zakynthos,11841,Naples,Q2634,40.833333333333,14.25,Zakynthos,Q144880,37.8,20.75,652.7529766112806
3124,Warsaw - Belfast,11833,Warsaw,Q270,52.216666666667,21.033333333333,Belfast,Q10686,54.596388888889,-5.93,1795.4046228877808
3125,Seville - Santander,11784,Seville,Q8717,37.383333333333,-5.9833333333333,Santander,Q12233,43.466666666667,-3.8,701.155831031353
3126,Mallorca - Linz,11783,Mallorca,Q8828,39.616666666667,2.9833333333333,Linz,Q41329,48.3,14.283333333333,1320.2854705329562
3127,Barcelona - La Palma,11747,Barcelona,Q1492,41.3825,2.1769444444444,La Palma,Q201689,28.666666666667,-17.866666666667,2298.9401401344967
3128,Birmingham - Kefalonia,11740,Birmingham,Q2256,52.48,-1.9025,Kefalonia,Q178488,38.265,20.5525,2343.185869488963
3129,Budapest - Zakynthos,11714,Budapest,Q1781,47.498333333333,19.040833333333,Zakynthos,Q144880,37.8,20.75,1087.3525663364805
3130,Milan - Trieste,11624,Milan,Q490,45.466944444444,9.19,Trieste,Q546,45.6502777777778,13.7702777777778,357.1376721584637
3131,Zürich - Mykonos,11597,Zürich,Q72,47.378611111111,8.54,Mykonos,Q190210,37.45,25.333333333333,1759.705172621201
3132,Stockholm - Aarhus,11581,Stockholm,Q1754,59.329444444444,18.068611111111,Aarhus,Q25319,56.156388888889,10.209722222222,584.2085976067217
3133,Warsaw - Venice,11580,Warsaw,Q270,52.216666666667,21.033333333333,Venice,Q641,45.439722222222,12.331944444444,985.2922804973049
3134,Rotterdam - Cavtat,11566,Rotterdam,Q34370,51.9225,4.47917,Cavtat,Q221350,42.579444444444,18.220833333333,1463.3986032118705
3135,Lisbon - Tarbes,11561,Lisbon,Q597,38.708042,-9.139016,Tarbes,Q184023,43.232777777778,0.074444444444444,921.9184533777905
3136,Leeds - Reus,11556,Leeds,Q39121,53.799722222222,-1.5491666666667,Reus,Q487096,41.15487,1.10871,1419.9011296316664
3137,Cardiff - Ibiza,11555,Cardiff,Q10690,51.48,-3.18,Ibiza,Q52631,38.98,1.43,1435.3133161622245
3138,Birmingham - Newquay,11503,Birmingham,Q2256,52.48,-1.9025,Newquay,Q943517,50.412,-5.0757,318.1208453616628
3139,Barcelona - Santorini,11446,Barcelona,Q1492,41.3825,2.1769444444444,Santorini,Q129296,36.416666666667,25.433333333333,2079.8181637806133
3140,Tromsø - Sørkjosen,11428,Tromsø,Q26087,69.666667,18.933333,Sørkjosen,Q1019566,69.789167,20.950833,78.90837141144489
3141,Eindhoven - Salzburg,11414,Eindhoven,Q9832,51.434444444444,5.4841666666667,Salzburg,Q34713,47.7972,13.04768,678.0388287318212
3142,Verona - Mykonos,11399,Verona,Q2028,45.4386111111111,10.9927777777778,Mykonos,Q190210,37.45,25.333333333333,1485.5374508337277
3143,Amsterdam - Clermont-Ferrand,11379,Amsterdam,Q727,52.383333333333,4.9,Clermont-Ferrand,Q42168,45.779722222222,3.0869444444444,746.0024770269885
3144,Glasgow - Shetland Islands,11326,Glasgow,Q4093,55.8611111111111,-4.25,Shetland Islands,Q47134,60.35685,-1.26068,529.7156047435767
3145,Milan - Pointe-à-Pitre,11306,Milan,Q490,45.466944444444,9.19,Pointe-à-Pitre,Q335322,16.241111111111,-61.533055555556,7234.420444404229
3146,Birmingham - Pula,11244,Birmingham,Q2256,52.48,-1.9025,Pula,Q4656,44.866666666667,13.833333333333,1427.3775374716208
3147,Kristiansand - Gran Canaria,11236,Kristiansand,Q2415,58.14672222,7.99561111,Gran Canaria,Q178925,27.958611111111,-15.5925,3821.5375629772834
3148,Exeter - Faro,11211,Exeter,Q134672,50.721538888889,-3.5331083333333,Faro,Q159457,37.0161111111111,-7.935,1563.56812416556
3149,Stockholm - Zakynthos,11176,Stockholm,Q1754,59.329444444444,18.068611111111,Zakynthos,Q144880,37.8,20.75,2401.618374585076
3150,Manchester - La Palma,11113,Manchester,Q18125,53.466666666667,-2.2333333333333,La Palma,Q201689,28.666666666667,-17.866666666667,3037.884009920451
3151,Rome - Suceava,11069,Rome,Q220,41.893055555556,12.482777777778,Suceava,Q46400,47.651388888889,26.255555555556,1259.0619678687215
3152,Malta - Debrecen,11060,Malta,Q233,35.883333333333,14.5,Debrecen,Q79880,47.53,21.639166666667,1422.7057383628817
3153,Málaga - Southampton,11049,Málaga,Q8851,36.716666666667,-4.4166666666667,Southampton,Q79848,50.9066666666667,-1.40444444444444,1595.9083117872917
3154,Rotterdam - Rhodes,11044,Rotterdam,Q34370,51.9225,4.47917,Rhodes,Q43048,36.166666666667,28,2548.407634682463
3155,Riga - Bremen,11037,Riga,Q1773,56.9475,24.106944444444,Bremen,Q24879,53.076944444444,8.8088888888889,1063.137057407187
3156,Cologne - Kavala,11036,Cologne,Q365,50.942222222222,6.9577777777778,Kavala,Q187352,40.93959,24.40687,1740.9259824873793
3157,Mallorca - Southampton,11015,Mallorca,Q8828,39.616666666667,2.9833333333333,Southampton,Q79848,50.9066666666667,-1.40444444444444,1300.9097031984566
3158,Innsbruck - Bristol,10991,Innsbruck,Q1735,47.268333333333,11.393333333333,Bristol,Q23154,51.45,-2.5833333333333,1111.5700450455515
3159,Granada - Tenerife,10972,Granada,Q8810,37.178055555556,-3.6008333333333,Tenerife,Q40846,28.268611111111,-16.605555555556,1566.1804352821093
3160,Alicante - Växjö,10962,Alicante,Q11959,38.345277777778,-0.48305555555556,Växjö,Q26152,56.889029924861,14.802795326212,2346.731184643519
3161,Karlsruhe - Heraklion,10939,Karlsruhe,Q1040,49.016666666667,8.4,Heraklion,Q160544,35.3402777777778,25.1344444444444,2043.6952609175141
3162,Helsinki - Varna,10937,Helsinki,Q1757,60.17556,24.93417,Varna,Q6506,43.211375,27.91108,1896.985916088302
3163,Santander - Gran Canaria,10935,Santander,Q12233,43.466666666667,-3.8,Gran Canaria,Q178925,27.958611111111,-15.5925,2021.9028906332755
3164,London - Kittilä,10895,London,Q84,51.507222222222,-0.1275,Kittilä,Q593942,67.6531279,24.9114375,2249.3989944770174
3165,Tallinn - Girona,10892,Tallinn,Q1770,59.437222222222,24.745,Girona,Q7038,41.983333333333,2.8166666666667,2455.985856801347
3166,Mallorca - Kaunas,10873,Mallorca,Q8828,39.616666666667,2.9833333333333,Kaunas,Q4115712,54.9,23.933333333333,2303.388717198896
3167,Malmö - Ohrid,10867,Malmö,Q2211,55.593188589918,13.021423031021,Ohrid,Q1223508,41.116944444444,20.801944444444,1706.711459047991
3168,Malmö - Larnaca,10851,Malmö,Q2211,55.593188589918,13.021423031021,Larnaca,Q171882,34.916666666667,33.633333333333,2785.591405810297
3169,Dublin - Almería,10830,Dublin,Q1761,53.3497222222222,-6.26027777777778,Almería,Q10400,36.84,-2.4675,1859.11384983459
3170,Pescara - Kraków,10827,Pescara,Q2704,42.464277777778,14.214188888889,Kraków,Q31487,50.061388888889,19.937222222222,951.7806817500868
3171,Amsterdam - Mykonos,10806,Amsterdam,Q727,52.383333333333,4.9,Mykonos,Q190210,37.45,25.333333333333,2296.4547987847086
3172,Stuttgart - Kavala,10765,Stuttgart,Q1022,48.776111111111,9.1775,Kavala,Q187352,40.93959,24.40687,1478.8921174814307
3173,Varna - Manchester,10761,Varna,Q6506,43.211375,27.91108,Manchester,Q18125,53.466666666667,-2.2333333333333,2477.309158470221
3174,Wrocław - Girona,10759,Wrocław,Q1799,51.11,17.0325,Girona,Q7038,41.983333333333,2.8166666666667,1482.4893344890593
3175,Copenhagen - Preveza,10752,Copenhagen,Q1748,55.676111111111,12.568888888889,Preveza,Q213898,38.95,20.75,1956.2319426307822
3176,Paris - Granada,10749,Paris,Q90,48.856944444444,2.3513888888889,Granada,Q8810,37.178055555556,-3.6008333333333,1384.7715232752878
3177,Alicante - Tralee,10747,Alicante,Q11959,38.345277777778,-0.48305555555556,Tralee,Q213358,52.2675,-9.6962,1704.3229354035843
3178,Dortmund - Palanga,10693,Dortmund,Q1295,51.513888888889,7.4652777777778,Palanga,Q2047414,55.916666666667,21.063888888889,1017.5547587385292
3179,Lisbon - Vila do Porto,10692,Lisbon,Q597,38.708042,-9.139016,Vila do Porto,Q1003164,36.945,-25.145,1417.5409160514014
3180,Girona - Liverpool,10686,Girona,Q7038,41.983333333333,2.8166666666667,Liverpool,Q24826,53.4075,-2.99194444444444,1341.525523541722
3181,Amsterdam - Pula,10639,Amsterdam,Q727,52.383333333333,4.9,Pula,Q4656,44.866666666667,13.833333333333,1061.2203594415037
3182,Amsterdam - Kalamata,10625,Amsterdam,Q727,52.383333333333,4.9,Kalamata,Q167895,37.0377777777778,22.1111111111111,2170.434314755443
3183,Faro - Newquay,10597,Faro,Q159457,37.0161111111111,-7.935,Newquay,Q943517,50.412,-5.0757,1506.8785413774117
3184,Brussels - Zakynthos,10597,Brussels,Q239,50.8466666666667,4.35166666666667,Zakynthos,Q144880,37.8,20.75,1942.1963538703226
3185,Rome - Glasgow,10558,Rome,Q220,41.893055555556,12.482777777778,Glasgow,Q4093,55.8611111111111,-4.25,1966.4673353436995
3186,Mainland - Inverness,10555,Mainland,Q148749,58.983333333333,-3.1,Inverness,Q160493,57.483888888889,-4.2258333333333,179.27758884603256
3187,Rome - Poznań,10533,Rome,Q220,41.893055555556,12.482777777778,Poznań,Q268,52.4083333333333,16.9336111111111,1216.125800626435
3188,Oulu - Chania,10520,Oulu,Q47048,65.0141666666667,25.4719444444444,Chania,Q182299,35.516666666667,24.016666666667,3281.4120728636485
3189,Porto - La Rochelle,10493,Porto,Q36433,41.149472222222,-8.6107777777778,La Rochelle,Q82185,46.159444444444,-1.1513888888889,818.1603130043999
3190,Glasgow - Region of Murcia,10487,Glasgow,Q4093,55.8611111111111,-4.25,Region of Murcia,Q5772,38,-1.8333333333333,1994.2218995234593
3191,Girona - Thessaloniki,10467,Girona,Q7038,41.983333333333,2.8166666666667,Thessaloniki,Q17151,40.6402777777778,22.9355555555556,1683.0899114671959
3192,Oslo - Preveza,10459,Oslo,Q585,59.911111111111,10.752777777778,Preveza,Q213898,38.95,20.75,2434.025557525119
3193,Stockholm - Pisa,10444,Stockholm,Q1754,59.329444444444,18.068611111111,Pisa,Q13375,43.716666666667,10.4,1812.4815534317522
3194,Shetland Islands - Mainland,10442,Shetland Islands,Q47134,60.35685,-1.26068,Mainland,Q148749,58.983333333333,-3.1,184.35563207724965
3195,Zagreb - Pula,10416,Zagreb,Q1435,45.8130555555556,15.9772222222222,Pula,Q4656,44.866666666667,13.833333333333,197.85775361053138
3196,Tallinn - Varna,10416,Tallinn,Q1770,59.437222222222,24.745,Varna,Q6506,43.211375,27.91108,1817.0876862592306
3197,Edinburgh - Reus,10402,Edinburgh,Q23436,55.95,-3.1988888888889,Reus,Q487096,41.15487,1.10871,1674.5994738768588
3198,Gdańsk - Reus,10398,Gdańsk,Q1792,54.366666666667,18.633333333333,Reus,Q487096,41.15487,1.10871,1957.410141027771
3199,Frankfurt - Trapani,10348,Frankfurt,Q1794,50.113611111111,8.6797222222222,Trapani,Q13664,38.0175,12.515,1379.0042635345428
3200,Brussels - Varna,10346,Brussels,Q239,50.8466666666667,4.35166666666667,Varna,Q6506,43.211375,27.91108,1965.7563152351568
3201,Karlsruhe - Edinburgh,10345,Karlsruhe,Q1040,49.016666666667,8.4,Edinburgh,Q23436,55.95,-3.1988888888889,1097.8961335361978
3202,Bratislava - Corfu,10328,Bratislava,Q1780,48.144722222222,17.112777777778,Corfu,Q121378,39.623888888889,19.82,971.8282482733403
3203,Kleve - Chania,10321,Kleve,Q6246,51.666666666667,6.25,Chania,Q182299,35.516666666667,24.016666666667,2283.3646095476765
3204,Bologna - Suceava,10279,Bologna,Q1891,44.493888888889,11.342777777778,Suceava,Q46400,47.651388888889,26.255555555556,1200.5680849840164
3205,Bodø - Andenes,10275,Bodø,Q39383,67.28267,14.37513,Andenes,Q167305,69.313888888889,16.118055555556,236.9348699151911
3206,Rimini - Kraków,10246,Rimini,Q13369,44.059444444444,12.568333333333,Kraków,Q31487,50.061388888889,19.937222222222,869.1803248913234
3207,Barcelona - Cardiff,10236,Barcelona,Q1492,41.3825,2.1769444444444,Cardiff,Q10690,51.48,-3.18,1194.6805279967484
3208,Brussels - Perugia,10232,Brussels,Q239,50.8466666666667,4.35166666666667,Perugia,Q3437,43.1121,12.3888,1052.9063748546687
3209,Brindisi - Rotterdam,10209,Brindisi,Q13496,40.638333333333,17.945833333333,Rotterdam,Q34370,51.9225,4.47917,1621.1122634619676
3210,Gothenburg - Luleå,10209,Gothenburg,Q25287,57.671706102705,11.980966694056,Luleå,Q26268,65.583820878214,22.191498303076,1029.2202660228252
3211,Zadar - Kraków,10207,Zadar,Q3370,44.116666666667,15.216666666667,Kraków,Q31487,50.061388888889,19.937222222222,751.08314769863955
3212,Liverpool - Reus,10201,Liverpool,Q24826,53.4075,-2.99194444444444,Reus,Q487096,41.15487,1.10871,1396.5077121429342
3213,Paris - Zaragoza,10198,Paris,Q90,48.856944444444,2.3513888888889,Zaragoza,Q10305,41.65,-0.88333333333333,840.2188811621605
3214,Stockholm - Naples,10178,Stockholm,Q1754,59.329444444444,18.068611111111,Naples,Q2634,40.833333333333,14.25,2073.8158695434217
3215,Bremen - Heraklion,10172,Bremen,Q24879,53.076944444444,8.8088888888889,Heraklion,Q160544,35.3402777777778,25.1344444444444,2350.555435344498
3216,Cork - Reus,10169,Cork,Q36647,51.9,-8.4730555555556,Reus,Q487096,41.15487,1.10871,1399.0690957881056
3217,London - Clermont-Ferrand,10152,London,Q84,51.507222222222,-0.1275,Clermont-Ferrand,Q42168,45.779722222222,3.0869444444444,679.0763648147723
3218,Paris - La Rochelle,10148,Paris,Q90,48.856944444444,2.3513888888889,La Rochelle,Q82185,46.159444444444,-1.1513888888889,398.89649305567445
3219,Frankfurt - Chania,10142,Frankfurt,Q1794,50.113611111111,8.6797222222222,Chania,Q182299,35.516666666667,24.016666666667,2040.7725774993394
3220,Zadar - Gothenburg,10131,Zadar,Q3370,44.116666666667,15.216666666667,Gothenburg,Q25287,57.671706102705,11.980966694056,1523.8020494978307
3221,Rotterdam - Kos,10110,Rotterdam,Q34370,51.9225,4.47917,Kos,Q187027,36.815277777778,27.110277777778,2442.222173718778
3222,Glasgow - Mainland,10101,Glasgow,Q4093,55.8611111111111,-4.25,Mainland,Q148749,58.983333333333,-3.1,353.9235797279938
3223,Lyon - La Rochelle,10084,Lyon,Q456,45.758888888889,4.8413888888889,La Rochelle,Q82185,46.159444444444,-1.1513888888889,465.26296508160385
3224,Malmö - Tenerife,10070,Malmö,Q2211,55.593188589918,13.021423031021,Tenerife,Q40846,28.268611111111,-16.605555555556,3844.889312686295
3225,Milan - Almería,10021,Milan,Q490,45.466944444444,9.19,Almería,Q10400,36.84,-2.4675,1365.8169372764526
3226,Venice - Stockholm,10010,Venice,Q641,45.439722222222,12.331944444444,Stockholm,Q1754,59.329444444444,18.068611111111,1591.34538425253
3227,London - Rimini,10008,London,Q84,51.507222222222,-0.1275,Rimini,Q13369,44.059444444444,12.568333333333,1256.0817151152105
3228,Strasbourg - Porto-Vecchio,10004,Strasbourg,Q6602,48.573333333333,7.7522222222222,Porto-Vecchio,Q241567,41.590833333333,9.2797222222222,785.5819215634299
3229,Carcassonne - Edinburgh,9944,Carcassonne,Q6582,43.215833333333,2.3513888888889,Edinburgh,Q23436,55.95,-3.1988888888889,1470.248403907521
3230,Kleve - Pisa,9941,Kleve,Q6246,51.666666666667,6.25,Pisa,Q13375,43.716666666667,10.4,936.5905998310743
3231,Carcassonne - Nottingham,9941,Carcassonne,Q6582,43.215833333333,2.3513888888889,Nottingham,Q41262,52.955,-1.1491666666667,1113.3759682646196
3232,Lyon - Limoges,9911,Lyon,Q456,45.758888888889,4.8413888888889,Limoges,Q45656,45.834444444444,1.2616666666667,277.625345103617
3233,Liverpool - Bergerac,9895,Liverpool,Q24826,53.4075,-2.99194444444444,Bergerac,Q187911,44.851111111111,0.48194444444444,984.1235306029901
3234,Cologne - Vitoria-Gasteiz,9887,Cologne,Q365,50.942222222222,6.9577777777778,Vitoria-Gasteiz,Q14318,42.846666666667,-2.6730555555556,1158.1191534556556
3235,Brussels - Alghero,9861,Brussels,Q239,50.8466666666667,4.35166666666667,Alghero,Q166282,40.56,8.315,1184.055767179967
3236,Linz - Rhodes,9859,Linz,Q41329,48.3,14.283333333333,Rhodes,Q43048,36.166666666667,28,1753.9141202612261
3237,Düsseldorf - Vathy,9854,Düsseldorf,Q1718,51.231144444444,6.7723805555556,Vathy,Q853527,37.7475,26.9825,2181.419862634059
3238,Rome - Tarbes,9853,Rome,Q220,41.893055555556,12.482777777778,Tarbes,Q184023,43.232777777778,0.074444444444444,1026.1100642701335
3239,Mallorca - Vitoria-Gasteiz,9741,Mallorca,Q8828,39.616666666667,2.9833333333333,Vitoria-Gasteiz,Q14318,42.846666666667,-2.6730555555556,593.6846611030152
3240,Leeds - Limoges,9733,Leeds,Q39121,53.799722222222,-1.5491666666667,Limoges,Q45656,45.834444444444,1.2616666666667,908.1782358053957
3241,Tours - Dublin,9698,Tours,Q288,47.392777777778,0.68833333333333,Dublin,Q1761,53.3497222222222,-6.26027777777778,824.775977107504
3242,Kraków - Tarbes,9677,Kraków,Q31487,50.061388888889,19.937222222222,Tarbes,Q184023,43.232777777778,0.074444444444444,1688.5964432540472
3243,Maastricht - Bari,9675,Maastricht,Q1309,50.866666666667,5.6833333333333,Bari,Q3519,41.125277777778,16.866666666667,1382.3179428231333
3244,Malmö - Visby,9656,Malmö,Q2211,55.593188589918,13.021423031021,Visby,Q54757,57.628997457133,18.307108945039,394.617237774979
3245,London - Kavala,9607,London,Q84,51.507222222222,-0.1275,Kavala,Q187352,40.93959,24.40687,2207.1583101773476
3246,Ancona - Kleve,9586,Ancona,Q3415,43.616666666667,13.516666666667,Kleve,Q6246,51.666666666667,6.25,1046.499496417527
3247,Maastricht - Rhodes,9574,Maastricht,Q1309,50.866666666667,5.6833333333333,Rhodes,Q43048,36.166666666667,28,2413.4088121199534
3248,Metz - Nice,9573,Metz,Q22690,49.119722222222,6.1769444444444,Nice,Q33959,43.701944444444,7.2683333333333,608.1948579383752
3249,Vaasa - Gran Canaria,9556,Vaasa,Q125080,63.1,21.616666666667,Gran Canaria,Q178925,27.958611111111,-15.5925,4734.221121910908
3250,Brussels - Bergerac,9533,Brussels,Q239,50.8466666666667,4.35166666666667,Bergerac,Q187911,44.851111111111,0.48194444444444,726.2716498767769
3251,Birmingham - Perpignan,9515,Birmingham,Q2256,52.48,-1.9025,Perpignan,Q6730,42.6975,2.8947222222222,1145.0676108553077
3252,Edinburgh - Stornoway,9486,Edinburgh,Q23436,55.95,-3.1988888888889,Stornoway,Q165845,58.209,-6.387,316.495466094558
3253,Stockholm - Vathy,9344,Stockholm,Q1754,59.329444444444,18.068611111111,Vathy,Q853527,37.7475,26.9825,2482.8177518987427
3254,Melilla - Granada,9334,Melilla,Q5831,35.2825,-2.9475,Granada,Q8810,37.178055555556,-3.6008333333333,218.76921388053162
3255,Caen - Porto-Vecchio,9329,Caen,Q41185,49.182222222222,-0.37055555555556,Porto-Vecchio,Q241567,41.590833333333,9.2797222222222,1129.7949522650736
3256,East Riding of Yorkshire - Aberdeen,9231,East Riding of Yorkshire,Q23088,53.916666666667,-0.5,Aberdeen,Q36405,57.15,-2.1,373.3358561553912
3257,Edinburgh - Béziers,9227,Edinburgh,Q23436,55.95,-3.1988888888889,Béziers,Q174019,43.343333333333,3.2161111111111,1474.376909598103
3258,Leeds - Newquay,9101,Leeds,Q39121,53.799722222222,-1.5491666666667,Newquay,Q943517,50.412,-5.0757,446.98788673215796
3259,Nuremberg - Crotone,9080,Nuremberg,Q2090,49.4538888888889,11.0775,Crotone,Q6681,39.083333333333,17.116666666667,1248.3810835444176
3260,Örebro - Gran Canaria,9067,Örebro,Q25732,59.2669260014,15.196522467624,Gran Canaria,Q178925,27.958611111111,-15.5925,4196.850419961058
3261,Amsterdam - Kittilä,9061,Amsterdam,Q727,52.383333333333,4.9,Kittilä,Q593942,67.6531279,24.9114375,2009.1603606762476
3262,Groningen - Faro,9015,Groningen,Q749,53.2185277777778,6.567,Faro,Q159457,37.0161111111111,-7.935,2121.870267753092
3263,Manchester - Kittilä,9008,Manchester,Q18125,53.466666666667,-2.2333333333333,Kittilä,Q593942,67.6531279,24.9114375,2131.1189651091318
3264,Maastricht - Kos,9002,Maastricht,Q1309,50.866666666667,5.6833333333333,Kos,Q187027,36.815277777778,27.110277777778,2306.9119916364366
3265,Brussels - La Rochelle,8970,Brussels,Q239,50.8466666666667,4.35166666666667,La Rochelle,Q82185,46.159444444444,-1.1513888888889,659.9347483242238
3266,Milan - Karpathos,8968,Milan,Q490,45.466944444444,9.19,Karpathos,Q11874075,35.583333,27.133333,1865.9281831978121
3267,Esbjerg - Aberdeen,8933,Esbjerg,Q26234,55.470833333333,8.4513888888889,Aberdeen,Q36405,57.15,-2.1,676.269664589023
3268,Birmingham - Bergerac,8879,Birmingham,Q2256,52.48,-1.9025,Bergerac,Q187911,44.851111111111,0.48194444444444,866.0513076964487
3269,Łódź - Munich,8850,Łódź,Q580,51.776944444444,19.454722222222,Munich,Q1726,48.1375,11.575,693.310344723122
3270,Stockholm - Béziers,8827,Stockholm,Q1754,59.329444444444,18.068611111111,Béziers,Q174019,43.343333333333,3.2161111111111,2044.8215690174532
3271,London - Caen,8767,London,Q84,51.507222222222,-0.1275,Caen,Q41185,49.182222222222,-0.37055555555556,259.1028723504698
3272,Budapest - Rimini,8752,Budapest,Q1781,47.498333333333,19.040833333333,Rimini,Q13369,44.059444444444,12.568333333333,630.6489666710218
3273,Newquay - Trenoweth,8733,Newquay,Q943517,50.412,-5.0757,Trenoweth,Q22336916,49.932,-6.296,101.98723833476446
3274,Melilla - Almería,8730,Melilla,Q5831,35.2825,-2.9475,Almería,Q10400,36.84,-2.4675,178.47926882684595
3275,Paris - Kittilä,8717,Paris,Q90,48.856944444444,2.3513888888889,Kittilä,Q593942,67.6531279,24.9114375,2440.430244230094
3276,Aberdeen - North East England,8691,Aberdeen,Q36405,57.15,-2.1,North East England,Q47983,55,-1.8666666666667,239.50721042089748
3277,Madrid - Bacău,8672,Madrid,Q2807,40.418888888889,-3.6919444444444,Bacău,Q10737004,46.583333333333,26.916666666667,2544.327490563557
3278,Växjö - Gran Canaria,8590,Växjö,Q26152,56.889029924861,14.802795326212,Gran Canaria,Q178925,27.958611111111,-15.5925,4004.4013179562744
3279,Kalmar - Gran Canaria,8559,Kalmar,Q26345,56.66942341193,16.32178525819,Gran Canaria,Q178925,27.958611111111,-15.5925,4060.389480740324
3280,Reykjavík - Reykjavík,8536,Reykjavík,Q1764,64.1475,-21.935,Reykjavík,Q1764,64.1475,-21.935,0
3281,Düsseldorf - Kalamata,8508,Düsseldorf,Q1718,51.231144444444,6.7723805555556,Kalamata,Q167895,37.0377777777778,22.1111111111111,1988.8492537159718
3282,Thessaloniki - Paros,8455,Thessaloniki,Q17151,40.6402777777778,22.9355555555556,Paros,Q18048733,37.08333,25.15,439.4969531295745
3283,Groningen - Mallorca,8346,Groningen,Q749,53.2185277777778,6.567,Mallorca,Q8828,39.616666666667,2.9833333333333,1536.7034713056319
3284,Perpignan - Nantes,8326,Perpignan,Q6730,42.6975,2.8947222222222,Nantes,Q12191,47.217222222222,-1.5538888888889,612.2265762721136
3285,Bruges - Gran Canaria,8199,Bruges,Q12994,51.2088888888889,3.22416666666667,Gran Canaria,Q178925,27.958611111111,-15.5925,3027.3118991825154
3286,Birmingham - Skiathos,8195,Birmingham,Q2256,52.48,-1.9025,Skiathos,Q515085,39.166666666667,23.483333333333,2440.3847083230785
3287,Verona - Karpathos,8191,Verona,Q2028,45.4386111111111,10.9927777777778,Karpathos,Q11874075,35.583333,27.133333,1744.397860534061
3288,Heraklion - Deauville,8123,Heraklion,Q160544,35.3402777777778,25.1344444444444,Deauville,Q209021,49.359166666667,0.074444444444444,2562.4205103339013
3289,Mallorca - Örebro,8019,Mallorca,Q8828,39.616666666667,2.9833333333333,Örebro,Q25732,59.2669260014,15.196522467624,2347.994449102267
3290,Hamburg - Friedrichshafen,8000,Hamburg,Q1055,53.55,10,Friedrichshafen,Q4051,47.654166666667,9.4791666666667,656.6125229133755
3291,Stockholm - Skiathos,7999,Stockholm,Q1754,59.329444444444,18.068611111111,Skiathos,Q515085,39.166666666667,23.483333333333,2274.396771761921
3292,Mallorca - Antwerp,7994,Mallorca,Q8828,39.616666666667,2.9833333333333,Antwerp,Q12892,51.2211111111111,4.39972222222222,1295.0179987747608
3293,London - Volos,7952,London,Q84,51.507222222222,-0.1275,Volos,Q200036,39.361111111111,22.9425,2234.3821539738274
3294,Oslo - Vathy,7938,Oslo,Q585,59.911111111111,10.752777777778,Vathy,Q853527,37.7475,26.9825,2718.877962458273
3295,Liège - Málaga,7921,Liège,Q3992,50.6397222222222,5.57055555555556,Málaga,Q8851,36.716666666667,-4.4166666666667,1740.4729802484828
3296,Nottingham - Bergerac,7903,Nottingham,Q41262,52.955,-1.1491666666667,Bergerac,Q187911,44.851111111111,0.48194444444444,908.9005453678728
3297,Düsseldorf - Friedrichshafen,7882,Düsseldorf,Q1718,51.231144444444,6.7723805555556,Friedrichshafen,Q4051,47.654166666667,9.4791666666667,443.20455289719405
3298,Metz - Marseille,7857,Metz,Q22690,49.119722222222,6.1769444444444,Marseille,Q23482,43.296666666667,5.3763888888889,650.4084654951714
3299,Madrid - Châlons-en-Champagne,7806,Madrid,Q2807,40.418888888889,-3.6919444444444,Châlons-en-Champagne,Q47135,48.956666666667,4.3644444444444,1141.7634923599537
3300,Zürich - Niš,7787,Zürich,Q72,47.378611111111,8.54,Niš,Q129259,43.319166666667,21.896111111111,1135.2433434740153
3301,Tromsø - Leknes,7757,Tromsø,Q26087,69.666667,18.933333,Leknes,Q1993766,68.1475,13.6115,271.66967372062277
3302,Stockholm - Karpathos,7730,Stockholm,Q1754,59.329444444444,18.068611111111,Karpathos,Q11874075,35.583333,27.133333,2721.2598450015344
3303,Turin - Reggio Calabria,7674,Turin,Q495,45.066666666667,7.7,Reggio Calabria,Q8471,38.114438888889,15.65,1016.1781555769995
3304,Saarbrücken - Heraklion,7575,Saarbrücken,Q1724,49.233333333333,7,Heraklion,Q160544,35.3402777777778,25.1344444444444,2136.65893368487
3305,Burgas - Bydgoszcz,7531,Burgas,Q6509,42.502965,27.470179,Bydgoszcz,Q41252,53.116666666667,18,1373.2122466782232
3306,Vienna - Karpathos,7522,Vienna,Q1741,48.20833,16.373064,Karpathos,Q11874075,35.583333,27.133333,1658.894204990682
3307,Bergen - Sogndal,7380,Bergen,Q26793,60.3925,5.3233333333333,Sogndal,Q490923,61.229722,7.100556,133.98808487978712
3308,Thessaloniki - Lemnos,7320,Thessaloniki,Q17151,40.6402777777778,22.9355555555556,Lemnos,Q192483,39.916666666667,25.25,212.17754428537316
3309,London - Lemnos,7111,London,Q84,51.507222222222,-0.1275,Lemnos,Q192483,39.916666666667,25.25,2335.7625631229453
3310,Porto Santo - Porto,7107,Porto Santo,Q27320,33.061944444444,-16.356388888889,Porto,Q36433,41.149472222222,-8.6107777777778,1130.5525882171262
3311,Madrid - Rostock,6842,Madrid,Q2807,40.418888888889,-3.6919444444444,Rostock,Q2861,54.083333333333,12.133333333333,1923.5036865534728
3312,Paris - Volos,6200,Paris,Q90,48.856944444444,2.3513888888889,Volos,Q200036,39.361111111111,22.9425,1944.1738751654495
3313,Hammerfest - Hasvik,6146,Hammerfest,Q107351,70.663333,23.677778,Hasvik,Q109841,70.591666666667,22.302777777778,51.33709123168742
3314,Mallorca - Deauville,6106,Mallorca,Q8828,39.616666666667,2.9833333333333,Deauville,Q209021,49.359166666667,0.074444444444444,1107.3926970965845
3315,Bergen - Ørsta,6072,Bergen,Q26793,60.3925,5.3233333333333,Ørsta,Q10728780,62.1997,6.12889,205.50110284428044
3316,Oslo - Brønnøysund,6025,Oslo,Q585,59.911111111111,10.752777777778,Brønnøysund,Q995929,65.4749,12.21196,623.084815829173
3317,Rome - Rostock,5592,Rome,Q220,41.893055555556,12.482777777778,Rostock,Q2861,54.083333333333,12.133333333333,1355.744184241182
3318,Liège - Gran Canaria,393,Liège,Q3992,50.6397222222222,5.57055555555556,Gran Canaria,Q178925,27.958611111111,-15.5925,3087.065132584683
